5	-5.724832819877696	-6.804716437434783
6	-5.779423148143878	-7.301855097056912
7	-5.774129653726812	-7.798993756679041
8	-5.767255379393314	-8.29613241630117
9	-5.76983451796714	-8.793271075923299
10	-5.774517368765906	-9.290409735545428
11	-5.778090800739755	-9.787548395167557
12	-5.78110666122608	-10.284687054789686
13	-5.784193266777562	-10.781825714411815
14	-5.787383848562295	-11.278964374033944
15	-5.790583304056605	-11.776103033656073
16	-5.793767679140474	-12.273241693278202
17	-5.796947673409418	-12.770380352900331
18	-5.800129250651504	-13.26751901252246
19	-5.803311845541078	-13.764657672144589
20	-5.806494383231285	-14.261796331766718
21	-5.809676745181863	-14.758934991388847
22	-5.812859082053448	-15.256073651010976
23	-5.816041442445418	-15.753212310633105
24	-5.819223811487433	-16.250350970255234
25	-5.822406178415599	-16.747489629877361
26	-5.825588543532027	-17.244628289499488
27	-5.828770908636388	-17.741766949121615
28	-5.831953274031371	-18.238905608743742
29	-5.835135639485078	-18.73604426836587
30	-5.838318004903256	-19.233182927987997
31	-5.841500370304998	-19.730321587610124
32	-5.844682735709276	-20.227460247232251
33	-5.847865101116707	-20.724598906854379
34	-5.851047466524342	-21.221737566476506
35	-5.854229831931509	-21.718876226098633
36	-5.857412197338551	-22.21601488572076
37	-5.860594562745644	-22.713153545342887
38	-5.863776928152768	-23.210292204965015
39	-5.866959293559889	-23.707430864587142
40	-5.870141658967004	-24.204569524209269
41	-5.873324024374119	-24.701708183831396
42	-5.876506389781235	-25.198846843453524
43	-5.879688755188351	-25.695985503075651
44	-5.882871120595467	-26.193124162697778
45	-5.886053486002583	-26.690262822319905
46	-5.889235851409699	-27.187401481942032
47	-5.892418216816814	-27.68454014156416
48	-5.89560058222393	-28.181678801186287
49	-5.898782947631046	-28.678817460808414
50	-5.901965313038162	-29.175956120430541
51	-5.905147678445278	-29.673094780052669
52	-5.908330043852394	-30.170233439674796
53	-5.91151240925951	-30.667372099296923
54	-5.914694774666626	-31.16451075891905
55	-5.917877140073742	-31.661649418541177
56	-5.921059505480858	-32.158788078163305
57	-5.924241870887974	-32.655926737785428
58	-5.92742423629509	-33.153065397407559
59	-5.930606601702205	-33.65020405702969
60	-5.933788967109321	-34.147342716651821
61	-5.936971332516437	-34.644481376273951
62	-5.940153697923553	-35.141620035896082
63	-5.943336063330669	-35.638758695518213
64	-5.946518428737785	-36.135897355140344
65	-5.949700794144901	-36.633036014762475
66	-5.952883159552017	-37.130174674384605
67	-5.956065524959133	-37.627313334006736
68	-5.959247890366249	-38.124451993628867
69	-5.962430255773365	-38.621590653250998
70	-5.965612621180481	-39.118729312873128
71	-5.968794986587596	-39.615867972495259
72	-5.971977351994712	-40.11300663211739
73	-5.975159717401828	-40.610145291739521
74	-5.978342082808944	-41.107283951361651
75	-5.98152444821606	-41.604422610983782
76	-5.984706813623176	-42.101561270605913
77	-5.987889179030292	-42.598699930228044
78	-5.991071544437408	-43.095838589850175
79	-5.994253909844524	-43.592977249472305
80	-5.99743627525164	-44.090115909094436
81	-6.000618640658756	-44.587254568716567
82	-6.003801006065872	-45.084393228338698
83	-6.006983371472987	-45.581531887960828
84	-6.010165736880103	-46.078670547582959
85	-6.013348102287219	-46.57580920720509
86	-6.016530467694335	-47.072947866827221
87	-6.019712833101451	-47.570086526449352
88	-6.022895198508567	-48.067225186071482
89	-6.026077563915683	-48.564363845693613
90	-6.029259929322799	-49.061502505315744
91	-6.032442294729915	-49.558641164937875
92	-6.035624660137031	-50.055779824560005
93	-6.038807025544147	-50.552918484182136
94	-6.041989390951263	-51.050057143804267
95	-6.045171756358378	-51.547195803426398
96	-6.048354121765494	-52.044334463048529
97	-6.05153648717261	-52.541473122670659
98	-6.054718852579726	-53.03861178229279
99	-6.057901217986842	-53.535750441914921
100	-6.061083583393958	-54.032889101537052
101	-6.064265948801074	-54.530027761159182
102	-6.06744831420819	-55.027166420781313
103	-6.070630679615306	-55.524305080403444
104	-6.073813045022422	-56.021443740025575
105	-6.076995410429538	-56.518582399647705
106	-6.080177775836654	-57.015721059269836
107	-6.083360141243769	-57.512859718891967
108	-6.086542506650885	-58.009998378514098
109	-6.089724872058001	-58.507137038136229
110	-6.092907237465117	-59.004275697758359
111	-6.096089602872233	-59.50141435738049
112	-6.099271968279349	-59.998553017002621
113	-6.102454333686465	-60.495691676624752
114	-6.105636699093581	-60.992830336246882
115	-6.108819064500697	-61.489968995869013
116	-6.112001429907813	-61.987107655491144
117	-6.115183795314929	-62.484246315113275
118	-6.118366160722045	-62.981384974735406
119	-6.12154852612916	-63.478523634357536
120	-6.124730891536276	-63.975662293979667
121	-6.127913256943392	-64.472800953601791
122	-6.131095622350508	-64.969939613223914
123	-6.134277987757624	-65.467078272846038
124	-6.13746035316474	-65.964216932468162
125	-6.140642718571856	-66.461355592090285
126	-6.143825083978972	-66.958494251712409
127	-6.147007449386088	-67.455632911334533
128	-6.150189814793204	-67.952771570956656
129	-6.15337218020032	-68.44991023057878
130	-6.156554545607436	-68.947048890200904
131	-6.159736911014551	-69.444187549823027
132	-6.162919276421667	-69.941326209445151
133	-6.166101641828783	-70.438464869067275
134	-6.169284007235899	-70.935603528689398
135	-6.172466372643015	-71.432742188311522
136	-6.175648738050131	-71.929880847933646
137	-6.178831103457247	-72.427019507555769
138	-6.182013468864363	-72.924158167177893
139	-6.185195834271479	-73.421296826800017
140	-6.188378199678595	-73.91843548642214
141	-6.191560565085711	-74.415574146044264
142	-6.194742930492827	-74.912712805666388
143	-6.197925295899942	-75.409851465288511
144	-6.201107661307058	-75.906990124910635
145	-6.204290026714174	-76.404128784532759
146	-6.20747239212129	-76.901267444154882
147	-6.210654757528406	-77.398406103777006
148	-6.213837122935522	-77.89554476339913
149	-6.217019488342638	-78.392683423021253
150	-6.220201853749754	-78.889822082643377
151	-6.22338421915687	-79.386960742265501
152	-6.226566584563986	-79.884099401887624
153	-6.229748949971102	-80.381238061509748
154	-6.232931315378218	-80.878376721131872
155	-6.236113680785333	-81.375515380753995
156	-6.239296046192449	-81.872654040376119
157	-6.242478411599565	-82.369792699998243
158	-6.245660777006681	-82.866931359620366
159	-6.248843142413797	-83.36407001924249
160	-6.252025507820913	-83.861208678864614
161	-6.255207873228029	-84.358347338486737
162	-6.258390238635145	-84.855485998108861
163	-6.261572604042261	-85.352624657730985
164	-6.264754969449377	-85.849763317353109
165	-6.267937334856493	-86.346901976975232
166	-6.271119700263609	-86.844040636597356
167	-6.274302065670724	-87.34117929621948
168	-6.27748443107784	-87.838317955841603
169	-6.280666796484956	-88.335456615463727
170	-6.283849161892072	-88.832595275085851
171	-6.287031527299188	-89.329733934707974
172	-6.290213892706304	-89.826872594330098
173	-6.29339625811342	-90.324011253952222
174	-6.296578623520536	-90.821149913574345
175	-6.299760988927652	-91.318288573196469
176	-6.302943354334768	-91.815427232818593
177	-6.306125719741884	-92.312565892440716
178	-6.309308085149	-92.80970455206284
179	-6.312490450556115	-93.306843211684964
180	-6.315672815963231	-93.803981871307087
181	-6.318855181370347	-94.301120530929211
182	-6.322037546777463	-94.798259190551335
183	-6.325219912184579	-95.295397850173458
184	-6.328402277591695	-95.792536509795582
185	-6.331584642998811	-96.289675169417706
186	-6.334767008405927	-96.786813829039829
187	-6.337949373813043	-97.283952488661953
188	-6.341131739220159	-97.781091148284077
189	-6.344314104627275	-98.2782298079062
190	-6.347496470034391	-98.775368467528324
191	-6.350678835441506	-99.272507127150448
192	-6.353861200848622	-99.769645786772571
193	-6.357043566255738	-100.266784446394695
194	-6.360225931662854	-100.763923106016819
195	-6.36340829706997	-101.261061765638942
196	-6.366590662477086	-101.758200425261066
197	-6.369773027884202	-102.25533908488319
198	-6.372955393291318	-102.752477744505313
199	-6.376137758698434	-103.249616404127437
200	-6.37932012410555	-103.746755063749561
201	-6.382502489512666	-104.243893723371684
202	-6.385684854919782	-104.741032382993808
203	-6.388867220326897	-105.238171042615932
204	-6.392049585734013	-105.735309702238055
205	-6.395231951141129	-106.232448361860179
206	-6.398414316548245	-106.729587021482303
207	-6.401596681955361	-107.226725681104426
208	-6.404779047362477	-107.72386434072655
209	-6.407961412769593	-108.221003000348674
210	-6.411143778176709	-108.718141659970797
211	-6.414326143583825	-109.215280319592921
212	-6.417508508990941	-109.712418979215045
213	-6.420690874398057	-110.209557638837168
214	-6.423873239805173	-110.706696298459292
215	-6.427055605212288	-111.203834958081416
216	-6.430237970619404	-111.700973617703539
217	-6.43342033602652	-112.198112277325663
218	-6.436602701433636	-112.695250936947787
219	-6.439785066840752	-113.19238959656991
220	-6.442967432247868	-113.689528256192034
221	-6.446149797654984	-114.186666915814158
222	-6.4493321630621	-114.683805575436281
223	-6.452514528469216	-115.180944235058405
224	-6.455696893876332	-115.678082894680529
225	-6.458879259283448	-116.175221554302652
226	-6.462061624690564	-116.672360213924776
227	-6.465243990097679	-117.1694988735469
228	-6.468426355504795	-117.666637533169023
229	-6.471608720911911	-118.163776192791147
230	-6.474791086319027	-118.660914852413271
231	-6.477973451726143	-119.158053512035394
232	-6.481155817133259	-119.655192171657518
233	-6.484338182540375	-120.152330831279642
234	-6.487520547947491	-120.649469490901765
235	-6.490702913354607	-121.146608150523889
236	-6.493885278761723	-121.643746810146013
237	-6.497067644168839	-122.140885469768136
238	-6.500250009575955	-122.63802412939026
239	-6.50343237498307	-123.135162789012384
240	-6.506614740390186	-123.632301448634507
241	-6.509797105797302	-124.129440108256631
242	-6.512979471204418	-124.626578767878755
243	-6.516161836611534	-125.123717427500878
244	-6.51934420201865	-125.620856087123002
245	-6.522526567425766	-126.117994746745126
246	-6.525708932832882	-126.615133406367249
247	-6.528891298239998	-127.112272065989373
248	-6.532073663647114	-127.609410725611497
249	-6.53525602905423	-128.106549385233649
250	-6.538438394461346	-128.603688044855772
251	-6.541620759868461	-129.100826704477896
252	-6.544803125275577	-129.59796536410002
253	-6.547985490682693	-130.095104023722143
254	-6.551167856089809	-130.592242683344267
255	-6.554350221496925	-131.089381342966391
256	-6.557532586904041	-131.586520002588514
257	-6.560714952311157	-132.083658662210638
258	-6.563897317718273	-132.580797321832762
259	-6.567079683125389	-133.077935981454885
260	-6.570262048532505	-133.575074641077009
261	-6.573444413939621	-134.072213300699133
262	-6.576626779346737	-134.569351960321256
263	-6.579809144753852	-135.06649061994338
264	-6.582991510160968	-135.563629279565504
265	-6.586173875568084	-136.060767939187627
266	-6.5893562409752	-136.557906598809751
267	-6.592538606382316	-137.055045258431875
268	-6.595720971789432	-137.552183918053998
269	-6.598903337196548	-138.049322577676122
270	-6.602085702603664	-138.546461237298246
271	-6.60526806801078	-139.043599896920369
272	-6.608450433417896	-139.540738556542493
273	-6.611632798825012	-140.037877216164617
274	-6.614815164232128	-140.53501587578674
275	-6.617997529639243	-141.032154535408864
276	-6.621179895046359	-141.529293195030988
277	-6.624362260453475	-142.026431854653111
278	-6.627544625860591	-142.523570514275235
279	-6.630726991267707	-143.020709173897359
280	-6.633909356674823	-143.517847833519482
281	-6.637091722081939	-144.014986493141606
282	-6.640274087489055	-144.51212515276373
283	-6.643456452896171	-145.009263812385853
284	-6.646638818303287	-145.506402472007977
285	-6.649821183710403	-146.003541131630101
286	-6.653003549117519	-146.500679791252225
287	-6.656185914524634	-146.997818450874348
288	-6.65936827993175	-147.494957110496472
289	-6.662550645338866	-147.992095770118596
290	-6.665733010745982	-148.489234429740719
291	-6.668915376153098	-148.986373089362843
292	-6.672097741560214	-149.483511748984967
293	-6.67528010696733	-149.98065040860709
294	-6.678462472374446	-150.477789068229214
295	-6.681644837781562	-150.974927727851338
296	-6.684827203188678	-151.472066387473461
297	-6.688009568595794	-151.969205047095585
298	-6.69119193400291	-152.466343706717709
299	-6.694374299410025	-152.963482366339832
300	-6.697556664817141	-153.460621025961956
301	-6.700739030224257	-153.95775968558408
302	-6.703921395631373	-154.454898345206203
303	-6.707103761038489	-154.952037004828327
304	-6.710286126445605	-155.449175664450451
305	-6.713468491852721	-155.946314324072574
306	-6.716650857259837	-156.443452983694698
307	-6.719833222666953	-156.940591643316822
308	-6.723015588074069	-157.437730302938945
309	-6.726197953481185	-157.934868962561069
310	-6.729380318888301	-158.432007622183193
311	-6.732562684295416	-158.929146281805316
312	-6.735745049702532	-159.42628494142744
313	-6.738927415109648	-159.923423601049564
314	-6.742109780516764	-160.420562260671687
315	-6.74529214592388	-160.917700920293811
316	-6.748474511330996	-161.414839579915935
317	-6.751656876738112	-161.911978239538058
318	-6.754839242145228	-162.409116899160182
319	-6.758021607552344	-162.906255558782306
320	-6.76120397295946	-163.403394218404429
321	-6.764386338366576	-163.900532878026553
322	-6.767568703773692	-164.397671537648677
323	-6.770751069180807	-164.8948101972708
324	-6.773933434587923	-165.391948856892924
325	-6.777115799995039	-165.889087516515048
326	-6.780298165402155	-166.386226176137171
327	-6.783480530809271	-166.883364835759295
328	-6.786662896216387	-167.380503495381419
329	-6.789845261623503	-167.877642155003542
330	-6.793027627030619	-168.374780814625666
331	-6.796209992437735	-168.87191947424779
332	-6.799392357844851	-169.369058133869913
333	-6.802574723251967	-169.866196793492037
334	-6.805757088659083	-170.363335453114161
335	-6.808939454066198	-170.860474112736284
336	-6.812121819473314	-171.357612772358408
337	-6.81530418488043	-171.854751431980532
338	-6.818486550287546	-172.351890091602655
339	-6.821668915694662	-172.849028751224779
340	-6.824851281101778	-173.346167410846903
341	-6.828033646508894	-173.843306070469026
342	-6.83121601191601	-174.34044473009115
343	-6.834398377323126	-174.837583389713274
344	-6.837580742730242	-175.334722049335397
345	-6.840763108137358	-175.831860708957521
346	-6.843945473544474	-176.328999368579645
347	-6.847127838951589	-176.826138028201768
348	-6.850310204358705	-177.323276687823892
349	-6.853492569765821	-177.820415347446016
350	-6.856674935172937	-178.317554007068139
351	-6.859857300580053	-178.814692666690263
352	-6.863039665987169	-179.311831326312387
353	-6.866222031394285	-179.80896998593451
354	-6.869404396801401	-180.306108645556634
355	-6.872586762208517	-180.803247305178758
356	-6.875769127615633	-181.300385964800881
357	-6.878951493022749	-181.797524624423005
358	-6.882133858429865	-182.294663284045129
359	-6.88531622383698	-182.791801943667252
360	-6.888498589244096	-183.288940603289376
361	-6.891680954651212	-183.7860792629115
362	-6.894863320058328	-184.283217922533623
363	-6.898045685465444	-184.780356582155747
364	-6.90122805087256	-185.277495241777871
365	-6.904410416279676	-185.774633901399994
366	-6.907592781686792	-186.271772561022118
367	-6.910775147093908	-186.768911220644242
368	-6.913957512501024	-187.266049880266365
369	-6.91713987790814	-187.763188539888489
370	-6.920322243315256	-188.260327199510613
371	-6.923504608722372	-188.757465859132736
372	-6.926686974129487	-189.25460451875486
373	-6.929869339536603	-189.751743178376984
374	-6.933051704943719	-190.248881837999107
375	-6.936234070350835	-190.746020497621231
376	-6.939416435757951	-191.243159157243355
377	-6.942598801165067	-191.740297816865478
378	-6.945781166572183	-192.237436476487602
379	-6.948963531979299	-192.734575136109726
380	-6.952145897386415	-193.231713795731849
381	-6.955328262793531	-193.728852455353973
382	-6.958510628200647	-194.225991114976097
383	-6.961692993607763	-194.72312977459822
384	-6.964875359014878	-195.220268434220344
385	-6.968057724421994	-195.717407093842468
386	-6.97124008982911	-196.214545753464591
387	-6.974422455236226	-196.711684413086715
388	-6.977604820643342	-197.208823072708839
389	-6.980787186050458	-197.705961732330962
390	-6.983969551457574	-198.203100391953086
391	-6.98715191686469	-198.70023905157521
392	-6.990334282271806	-199.197377711197333
393	-6.993516647678922	-199.694516370819457
394	-6.996699013086038	-200.191655030441581
395	-6.999881378493154	-200.688793690063704
396	-7.003063743900269	-201.185932349685828
397	-7.006246109307385	-201.683071009307952
398	-7.009428474714501	-202.180209668930075
399	-7.012610840121617	-202.677348328552199
400	-7.015793205528733	-203.174486988174323
401	-7.018975570935849	-203.671625647796446
402	-7.022157936342965	-204.16876430741857
403	-7.025340301750081	-204.665902967040694
404	-7.028522667157197	-205.163041626662817
405	-7.031705032564313	-205.660180286284941
406	-7.034887397971429	-206.157318945907065
407	-7.038069763378545	-206.654457605529188
408	-7.04125212878566	-207.151596265151312
409	-7.044434494192776	-207.648734924773436
410	-7.047616859599892	-208.145873584395559
411	-7.050799225007008	-208.643012244017683
412	-7.053981590414124	-209.140150903639807
413	-7.05716395582124	-209.63728956326193
414	-7.060346321228356	-210.134428222884054
415	-7.063528686635472	-210.631566882506178
416	-7.066711052042588	-211.128705542128301
417	-7.069893417449704	-211.625844201750425
418	-7.07307578285682	-212.122982861372549
419	-7.076258148263936	-212.620121520994672
420	-7.079440513671051	-213.117260180616796
421	-7.082622879078167	-213.61439884023892
422	-7.085805244485283	-214.111537499861043
423	-7.088987609892399	-214.608676159483167
424	-7.092169975299515	-215.105814819105291
425	-7.095352340706631	-215.602953478727414
426	-7.098534706113747	-216.100092138349538
427	-7.101717071520863	-216.597230797971662
428	-7.104899436927979	-217.094369457593785
429	-7.108081802335095	-217.591508117215909
430	-7.111264167742211	-218.088646776838033
431	-7.114446533149327	-218.585785436460156
432	-7.117628898556442	-219.08292409608228
433	-7.120811263963558	-219.580062755704404
434	-7.123993629370673	-220.077201415326527
435	-7.12717599477779	-220.574340074948651
436	-7.130358360184905	-221.071478734570775
437	-7.133540725592022	-221.568617394192898
438	-7.136723090999137	-222.065756053815022
439	-7.139905456406254	-222.562894713437146
440	-7.143087821813369	-223.060033373059269
441	-7.146270187220486	-223.557172032681393
442	-7.149452552627601	-224.054310692303517
443	-7.152634918034718	-224.55144935192564
444	-7.155817283441833	-225.048588011547764
445	-7.158999648848949	-225.545726671169888
446	-7.162182014256064	-226.042865330792011
447	-7.165364379663181	-226.540003990414135
448	-7.168546745070296	-227.037142650036259
449	-7.171729110477413	-227.534281309658382
450	-7.174911475884528	-228.031419969280506
451	-7.178093841291645	-228.52855862890263
452	-7.18127620669876	-229.025697288524754
453	-7.184458572105877	-229.522835948146877
454	-7.187640937512992	-230.019974607769001
455	-7.190823302920109	-230.517113267391125
456	-7.194005668327224	-231.014251927013248
457	-7.19718803373434	-231.511390586635372
458	-7.200370399141455	-232.008529246257496
459	-7.203552764548572	-232.505667905879619
460	-7.206735129955687	-233.002806565501743
461	-7.209917495362804	-233.499945225123867
462	-7.213099860769919	-233.99708388474599
463	-7.216282226177036	-234.494222544368114
464	-7.219464591584151	-234.991361203990238
465	-7.222646956991268	-235.488499863612361
466	-7.225829322398383	-235.985638523234485
467	-7.2290116878055	-236.482777182856609
468	-7.232194053212615	-236.979915842478732
469	-7.235376418619731	-237.477054502100856
470	-7.238558784026846	-237.97419316172298
471	-7.241741149433963	-238.471331821345103
472	-7.244923514841078	-238.968470480967227
473	-7.248105880248195	-239.465609140589351
474	-7.25128824565531	-239.962747800211474
475	-7.254470611062427	-240.459886459833598
476	-7.257652976469542	-240.957025119455722
477	-7.260835341876659	-241.454163779077845
478	-7.264017707283774	-241.951302438699969
479	-7.267200072690891	-242.448441098322093
480	-7.270382438098006	-242.945579757944216
481	-7.273564803505122	-243.44271841756634
482	-7.276747168912237	-243.939857077188464
483	-7.279929534319354	-244.436995736810587
484	-7.283111899726469	-244.934134396432711
485	-7.286294265133586	-245.431273056054835
486	-7.289476630540701	-245.928411715676958
487	-7.292658995947818	-246.425550375299082
488	-7.295841361354933	-246.922689034921206
489	-7.29902372676205	-247.419827694543329
490	-7.302206092169165	-247.916966354165453
491	-7.305388457576282	-248.414105013787577
492	-7.308570822983397	-248.9112436734097
493	-7.311753188390513	-249.408382333031824
494	-7.314935553797628	-249.905520992653948
495	-7.318117919204745	-250.402659652276071
496	-7.32130028461186	-250.899798311898195
497	-7.324482650018977	-251.396936971520319
498	-7.327665015426092	-251.894075631142442
499	-7.330847380833209	-252.391214290764566
500	-7.334029746240324	-252.88835295038669
501	-7.337212111647441	-253.385491610008813
502	-7.340394477054556	-253.882630269630937
503	-7.343576842461673	-254.379768929253061
504	-7.346759207868788	-254.876907588875184
505	-7.349941573275904	-255.374046248497308
506	-7.353123938683019	-255.871184908119432
507	-7.356306304090136	-256.368323567741527
508	-7.359488669497251	-256.865462227363651
509	-7.362671034904368	-257.362600886985831
510	-7.365853400311483	-257.859739546607955
511	-7.3690357657186	-258.356878206230078
512	-7.372218131125715	-258.854016865852202
513	-7.375400496532832	-259.351155525474326
514	-7.378582861939947	-259.848294185096449
515	-7.381765227347064	-260.345432844718573
516	-7.384947592754179	-260.842571504340697
517	-7.388129958161295	-261.33971016396282
518	-7.39131232356841	-261.836848823584944
519	-7.394494688975527	-262.333987483207068
520	-7.397677054382642	-262.831126142829191
521	-7.400859419789759	-263.328264802451315
522	-7.404041785196874	-263.825403462073439
523	-7.407224150603991	-264.322542121695562
524	-7.410406516011106	-264.819680781317686
525	-7.413588881418223	-265.31681944093981
526	-7.416771246825338	-265.813958100561933
527	-7.419953612232455	-266.311096760184057
528	-7.42313597763957	-266.808235419806181
529	-7.426318343046686	-267.305374079428304
530	-7.429500708453801	-267.802512739050428
531	-7.432683073860918	-268.299651398672552
532	-7.435865439268033	-268.796790058294675
533	-7.43904780467515	-269.293928717916799
534	-7.442230170082265	-269.791067377538923
535	-7.445412535489382	-270.288206037161046
536	-7.448594900896497	-270.78534469678317
537	-7.451777266303614	-271.282483356405294
538	-7.454959631710729	-271.779622016027417
539	-7.458141997117846	-272.276760675649541
540	-7.461324362524961	-272.773899335271665
541	-7.464506727932077	-273.271037994893788
542	-7.467689093339192	-273.768176654515912
543	-7.470871458746309	-274.265315314138036
544	-7.474053824153424	-274.762453973760159
545	-7.477236189560541	-275.259592633382283
546	-7.480418554967656	-275.756731293004407
547	-7.483600920374773	-276.25386995262653
548	-7.486783285781888	-276.751008612248654
549	-7.489965651189005	-277.248147271870778
550	-7.49314801659612	-277.745285931492901
551	-7.496330382003237	-278.242424591115025
552	-7.499512747410352	-278.739563250737149
553	-7.502695112817467	-279.236701910359272
554	-7.505877478224583	-279.733840569981396
555	-7.509059843631698	-280.23097922960352
556	-7.512242209038813	-280.728117889225643
557	-7.51542457444593	-281.225256548847767
558	-7.518606939853045	-281.722395208469891
559	-7.52178930526016	-282.219533868092014
560	-7.524971670667277	-282.716672527714138
561	-7.528154036074392	-283.213811187336262
562	-7.531336401481507	-283.710949846958385
563	-7.534518766888624	-284.208088506580509
564	-7.537701132295739	-284.705227166202633
565	-7.540883497702854	-285.202365825824756
566	-7.544065863109971	-285.69950448544688
567	-7.547248228517086	-286.196643145069004
568	-7.550430593924201	-286.693781804691127
569	-7.553612959331318	-287.190920464313251
570	-7.556795324738433	-287.688059123935375
571	-7.559977690145548	-288.185197783557498
572	-7.563160055552665	-288.682336443179622
573	-7.56634242095978	-289.179475102801746
574	-7.569524786366895	-289.67661376242387
575	-7.572707151774011	-290.173752422045993
576	-7.575889517181126	-290.670891081668117
577	-7.579071882588241	-291.168029741290241
578	-7.582254247995358	-291.665168400912364
579	-7.585436613402473	-292.162307060534488
580	-7.588618978809588	-292.659445720156612
581	-7.591801344216705	-293.156584379778735
582	-7.59498370962382	-293.653723039400859
583	-7.598166075030935	-294.150861699022983
584	-7.601348440438052	-294.648000358645106
585	-7.604530805845167	-295.14513901826723
586	-7.607713171252282	-295.642277677889354
587	-7.610895536659399	-296.139416337511477
588	-7.614077902066514	-296.636554997133601
589	-7.617260267473629	-297.133693656755725
590	-7.620442632880746	-297.630832316377848
591	-7.623624998287861	-298.127970975999972
592	-7.626807363694976	-298.625109635622096
593	-7.629989729102093	-299.122248295244219
594	-7.633172094509208	-299.619386954866343
595	-7.636354459916323	-300.116525614488467
596	-7.639536825323439	-300.61366427411059
597	-7.642719190730555	-301.110802933732714
598	-7.64590155613767	-301.607941593354838
599	-7.649083921544786	-302.105080252976961
600	-7.652266286951901	-302.602218912599085
601	-7.655448652359016	-303.099357572221209
602	-7.658631017766133	-303.596496231843332
603	-7.661813383173248	-304.093634891465456
604	-7.664995748580363	-304.59077355108758
605	-7.66817811398748	-305.087912210709703
606	-7.671360479394595	-305.585050870331827
607	-7.67454284480171	-306.082189529953951
608	-7.677725210208827	-306.579328189576074
609	-7.680907575615942	-307.076466849198198
610	-7.684089941023057	-307.573605508820322
611	-7.687272306430174	-308.070744168442445
612	-7.690454671837289	-308.567882828064569
613	-7.693637037244404	-309.065021487686693
614	-7.696819402651521	-309.562160147308816
615	-7.700001768058636	-310.05929880693094
616	-7.703184133465751	-310.556437466553064
617	-7.706366498872868	-311.053576126175187
618	-7.709548864279983	-311.550714785797311
619	-7.712731229687098	-312.047853445419435
620	-7.715913595094214	-312.544992105041558
621	-7.719095960501329	-313.042130764663682
622	-7.722278325908444	-313.539269424285806
623	-7.725460691315561	-314.036408083907929
624	-7.728643056722676	-314.533546743530053
625	-7.731825422129791	-315.030685403152177
626	-7.735007787536908	-315.5278240627743
627	-7.738190152944023	-316.024962722396424
628	-7.741372518351138	-316.522101382018548
629	-7.744554883758255	-317.019240041640671
630	-7.74773724916537	-317.516378701262795
631	-7.750919614572485	-318.013517360884919
632	-7.754101979979602	-318.510656020507042
633	-7.757284345386717	-319.007794680129166
634	-7.760466710793832	-319.50493333975129
635	-7.763649076200949	-320.002071999373413
636	-7.766831441608064	-320.499210658995537
637	-7.770013807015179	-320.996349318617661
638	-7.773196172422296	-321.493487978239784
639	-7.776378537829411	-321.990626637861908
640	-7.779560903236526	-322.487765297484032
641	-7.782743268643642	-322.984903957106155
642	-7.785925634050757	-323.482042616728279
643	-7.789107999457872	-323.979181276350403
644	-7.792290364864989	-324.476319935972526
645	-7.795472730272104	-324.97345859559465
646	-7.798655095679219	-325.470597255216774
647	-7.801837461086336	-325.967735914838897
648	-7.805019826493451	-326.464874574461021
649	-7.808202191900566	-326.962013234083145
650	-7.811384557307683	-327.459151893705268
651	-7.814566922714798	-327.956290553327392
652	-7.817749288121913	-328.453429212949516
653	-7.82093165352903	-328.950567872571639
654	-7.824114018936145	-329.447706532193763
655	-7.82729638434326	-329.944845191815887
656	-7.830478749750377	-330.44198385143801
657	-7.833661115157492	-330.939122511060134
658	-7.836843480564607	-331.436261170682258
659	-7.840025845971724	-331.933399830304381
660	-7.843208211378839	-332.430538489926505
661	-7.846390576785954	-332.927677149548629
662	-7.84957294219307	-333.424815809170752
663	-7.852755307600185	-333.921954468792876
664	-7.855937673007301	-334.419093128415
665	-7.859120038414417	-334.916231788037123
666	-7.862302403821532	-335.413370447659247
667	-7.865484769228647	-335.910509107281371
668	-7.868667134635764	-336.407647766903494
669	-7.871849500042879	-336.904786426525618
670	-7.875031865449994	-337.401925086147742
671	-7.878214230857111	-337.899063745769865
672	-7.881396596264226	-338.396202405391989
673	-7.884578961671341	-338.893341065014113
674	-7.887761327078458	-339.390479724636236
675	-7.890943692485573	-339.88761838425836
676	-7.894126057892688	-340.384757043880484
677	-7.897308423299805	-340.881895703502607
678	-7.90049078870692	-341.379034363124731
679	-7.903673154114035	-341.876173022746855
680	-7.906855519521152	-342.373311682368978
681	-7.910037884928267	-342.870450341991102
682	-7.913220250335382	-343.367589001613226
683	-7.916402615742498	-343.864727661235349
684	-7.919584981149614	-344.361866320857473
685	-7.922767346556729	-344.859004980479597
686	-7.925949711963845	-345.35614364010172
687	-7.92913207737096	-345.853282299723844
688	-7.932314442778075	-346.350420959345968
689	-7.935496808185192	-346.847559618968091
690	-7.938679173592307	-347.344698278590215
691	-7.941861538999422	-347.841836938212339
692	-7.945043904406539	-348.338975597834462
693	-7.948226269813654	-348.836114257456586
694	-7.951408635220769	-349.33325291707871
695	-7.954591000627886	-349.830391576700833
696	-7.957773366035001	-350.327530236322957
697	-7.960955731442116	-350.824668895945081
698	-7.964138096849233	-351.321807555567204
699	-7.967320462256348	-351.818946215189328
700	-7.970502827663463	-352.316084874811452
701	-7.97368519307058	-352.813223534433575
702	-7.976867558477695	-353.310362194055699
703	-7.98004992388481	-353.807500853677823
704	-7.983232289291927	-354.304639513299946
705	-7.986414654699042	-354.80177817292207
706	-7.989597020106157	-355.298916832544194
707	-7.992779385513273	-355.796055492166317
708	-7.995961750920388	-356.293194151788441
709	-7.999144116327503	-356.790332811410565
710	-8.00232648173462	-357.287471471032688
711	-8.005508847141735	-357.784610130654812
712	-8.00869121254885	-358.281748790276936
713	-8.011873577955967	-358.778887449899059
714	-8.015055943363082	-359.276026109521183
715	-8.018238308770197	-359.773164769143307
716	-8.021420674177314	-360.27030342876543
717	-8.024603039584429	-360.767442088387554
718	-8.027785404991544	-361.264580748009678
719	-8.030967770398661	-361.761719407631801
720	-8.034150135805776	-362.258858067253925
721	-8.037332501212891	-362.755996726876049
722	-8.040514866620008	-363.253135386498172
723	-8.043697232027123	-363.750274046120296
724	-8.046879597434238	-364.24741270574242
725	-8.050061962841355	-364.744551365364543
726	-8.05324432824847	-365.241690024986667
727	-8.056426693655585	-365.738828684608791
728	-8.059609059062701	-366.235967344230914
729	-8.062791424469816	-366.733106003853038
730	-8.065973789876931	-367.230244663475162
731	-8.069156155284048	-367.727383323097285
732	-8.072338520691163	-368.224521982719409
733	-8.075520886098278	-368.721660642341533
734	-8.078703251505395	-369.218799301963656
735	-8.08188561691251	-369.71593796158578
736	-8.085067982319625	-370.213076621207904
737	-8.088250347726742	-370.710215280830027
738	-8.091432713133857	-371.207353940452151
739	-8.094615078540972	-371.704492600074275
740	-8.097797443948089	-372.201631259696399
741	-8.100979809355204	-372.698769919318522
742	-8.104162174762319	-373.195908578940646
743	-8.107344540169436	-373.69304723856277
744	-8.110526905576551	-374.190185898184893
745	-8.113709270983666	-374.687324557807017
746	-8.116891636390783	-375.184463217429141
747	-8.120074001797898	-375.681601877051264
748	-8.123256367205013	-376.178740536673388
749	-8.126438732612129	-376.675879196295512
750	-8.129621098019244	-377.173017855917635
751	-8.13280346342636	-377.670156515539759
752	-8.135985828833476	-378.167295175161883
753	-8.139168194240591	-378.664433834784006
754	-8.142350559647706	-379.16157249440613
755	-8.145532925054823	-379.658711154028254
756	-8.148715290461938	-380.155849813650377
757	-8.151897655869053	-380.652988473272501
758	-8.15508002127617	-381.150127132894625
759	-8.158262386683285	-381.647265792516748
760	-8.1614447520904	-382.144404452138872
761	-8.164627117497517	-382.641543111760996
762	-8.167809482904632	-383.138681771383119
763	-8.170991848311747	-383.635820431005243
764	-8.174174213718864	-384.132959090627367
765	-8.177356579125979	-384.63009775024949
766	-8.180538944533094	-385.127236409871614
767	-8.183721309940211	-385.624375069493738
768	-8.186903675347326	-386.121513729115861
769	-8.190086040754441	-386.618652388737985
770	-8.193268406161557	-387.115791048360109
771	-8.196450771568673	-387.612929707982232
772	-8.199633136975788	-388.110068367604356
773	-8.202815502382904	-388.60720702722648
774	-8.205997867790019	-389.104345686848603
775	-8.209180233197134	-389.601484346470727
776	-8.212362598604251	-390.098623006092851
777	-8.215544964011366	-390.595761665714974
778	-8.218727329418481	-391.092900325337098
779	-8.221909694825598	-391.590038984959222
780	-8.225092060232713	-392.087177644581345
781	-8.228274425639828	-392.584316304203469
782	-8.231456791046945	-393.081454963825593
783	-8.23463915645406	-393.578593623447716
784	-8.237821521861175	-394.07573228306984
785	-8.241003887268292	-394.572870942691964
786	-8.244186252675407	-395.070009602314087
787	-8.247368618082522	-395.567148261936211
788	-8.250550983489639	-396.064286921558335
789	-8.253733348896754	-396.561425581180458
790	-8.256915714303869	-397.058564240802582
791	-8.260098079710986	-397.555702900424706
792	-8.263280445118101	-398.052841560046829
793	-8.266462810525216	-398.549980219668953
794	-8.269645175932332	-399.047118879291077
795	-8.272827541339447	-399.5442575389132
796	-8.276009906746562	-400.041396198535324
797	-8.279192272153679	-400.538534858157448
798	-8.282374637560794	-401.035673517779571
799	-8.285557002967909	-401.532812177401695
800	-8.288739368375026	-402.029950837023819
801	-8.291921733782141	-402.527089496645942
802	-8.295104099189256	-403.024228156268066
803	-8.298286464596373	-403.52136681589019
804	-8.301468830003488	-404.018505475512313
805	-8.304651195410603	-404.515644135134437
806	-8.30783356081772	-405.012782794756561
807	-8.311015926224835	-405.509921454378684
808	-8.31419829163195	-406.007060114000808
809	-8.317380657039067	-406.504198773622932
810	-8.320563022446182	-407.001337433245055
811	-8.323745387853297	-407.498476092867179
812	-8.326927753260414	-407.995614752489303
813	-8.330110118667529	-408.492753412111426
814	-8.333292484074644	-408.98989207173355
815	-8.33647484948176	-409.487030731355674
816	-8.339657214888875	-409.984169390977797
817	-8.34283958029599	-410.481308050599921
818	-8.346021945703107	-410.978446710222045
819	-8.349204311110222	-411.475585369844168
820	-8.352386676517337	-411.972724029466292
821	-8.355569041924454	-412.469862689088416
822	-8.358751407331569	-412.967001348710539
823	-8.361933772738684	-413.464140008332663
824	-8.365116138145801	-413.961278667954787
825	-8.368298503552916	-414.45841732757691
826	-8.371480868960031	-414.955555987199034
827	-8.374663234367148	-415.452694646821158
828	-8.377845599774263	-415.949833306443281
829	-8.381027965181378	-416.446971966065405
830	-8.384210330588495	-416.944110625687529
831	-8.38739269599561	-417.441249285309652
832	-8.390575061402725	-417.938387944931776
833	-8.393757426809842	-418.4355266045539
834	-8.396939792216957	-418.932665264176023
835	-8.400122157624072	-419.429803923798147
836	-8.403304523031188	-419.926942583420271
837	-8.406486888438303	-420.424081243042394
838	-8.409669253845419	-420.921219902664518
839	-8.412851619252535	-421.418358562286642
840	-8.41603398465965	-421.915497221908765
841	-8.419216350066765	-422.412635881530889
842	-8.422398715473882	-422.909774541153013
843	-8.425581080880997	-423.406913200775136
844	-8.428763446288112	-423.90405186039726
845	-8.431945811695229	-424.401190520019384
846	-8.435128177102344	-424.898329179641507
847	-8.438310542509459	-425.395467839263631
848	-8.441492907916576	-425.892606498885755
849	-8.444675273323691	-426.389745158507878
850	-8.447857638730806	-426.886883818130002
851	-8.451040004137923	-427.384022477752126
852	-8.454222369545038	-427.881161137374249
853	-8.457404734952153	-428.378299796996373
854	-8.46058710035927	-428.875438456618497
855	-8.463769465766385	-429.37257711624062
856	-8.4669518311735	-429.869715775862744
857	-8.470134196580617	-430.366854435484868
858	-8.473316561987732	-430.863993095106991
859	-8.476498927394847	-431.361131754729115
860	-8.479681292801963	-431.858270414351239
861	-8.482863658209078	-432.355409073973362
862	-8.486046023616193	-432.852547733595486
863	-8.48922838902331	-433.34968639321761
864	-8.492410754430425	-433.846825052839733
865	-8.49559311983754	-434.343963712461857
866	-8.498775485244657	-434.841102372083981
867	-8.501957850651772	-435.338241031706104
868	-8.505140216058887	-435.835379691328228
869	-8.508322581466004	-436.332518350950352
870	-8.511504946873119	-436.829657010572475
871	-8.514687312280234	-437.326795670194599
872	-8.517869677687351	-437.823934329816723
873	-8.521052043094466	-438.321072989438846
874	-8.524234408501581	-438.81821164906097
875	-8.527416773908698	-439.315350308683094
876	-8.530599139315813	-439.812488968305217
877	-8.533781504722928	-440.309627627927341
878	-8.536963870130045	-440.806766287549465
879	-8.54014623553716	-441.303904947171588
880	-8.543328600944275	-441.801043606793712
881	-8.546510966351391	-442.298182266415836
882	-8.549693331758506	-442.795320926037959
883	-8.552875697165621	-443.292459585660083
884	-8.556058062572738	-443.789598245282207
885	-8.559240427979853	-444.28673690490433
886	-8.562422793386968	-444.783875564526454
887	-8.565605158794085	-445.281014224148578
888	-8.5687875242012	-445.778152883770701
889	-8.571969889608315	-446.275291543392825
890	-8.575152255015432	-446.772430203014949
891	-8.578334620422547	-447.269568862637072
892	-8.581516985829662	-447.766707522259196
893	-8.584699351236779	-448.26384618188132
894	-8.587881716643894	-448.760984841503443
895	-8.591064082051009	-449.258123501125567
896	-8.594246447458126	-449.755262160747691
897	-8.597428812865241	-450.252400820369814
898	-8.600611178272356	-450.749539479991938
899	-8.603793543679473	-451.246678139614062
900	-8.606975909086588	-451.743816799236185
901	-8.610158274493703	-452.240955458858309
902	-8.613340639900819	-452.738094118480433
903	-8.616523005307934	-453.235232778102556
904	-8.619705370715049	-453.73237143772468
905	-8.622887736122166	-454.229510097346804
906	-8.626070101529281	-454.726648756968928
907	-8.629252466936396	-455.223787416591051
908	-8.632434832343513	-455.720926076213175
909	-8.635617197750628	-456.218064735835299
910	-8.638799563157743	-456.715203395457422
911	-8.64198192856486	-457.212342055079546
912	-8.645164293971975	-457.70948071470167
913	-8.64834665937909	-458.206619374323793
914	-8.651529024786207	-458.703758033945917
915	-8.654711390193322	-459.200896693568041
916	-8.657893755600437	-459.698035353190164
917	-8.661076121007554	-460.195174012812288
918	-8.664258486414669	-460.692312672434412
919	-8.667440851821784	-461.189451332056535
920	-8.670623217228901	-461.686589991678659
921	-8.673805582636016	-462.183728651300783
922	-8.676987948043131	-462.680867310922906
923	-8.680170313450247	-463.17800597054503
924	-8.683352678857363	-463.675144630167154
925	-8.686535044264478	-464.172283289789277
926	-8.689717409671594	-464.669421949411401
927	-8.692899775078709	-465.166560609033525
928	-8.696082140485824	-465.663699268655648
929	-8.699264505892941	-466.160837928277772
930	-8.702446871300056	-466.657976587899896
931	-8.705629236707171	-467.155115247522019
932	-8.708811602114288	-467.652253907144143
933	-8.711993967521403	-468.149392566766267
934	-8.715176332928518	-468.64653122638839
935	-8.718358698335635	-469.143669886010514
936	-8.72154106374275	-469.640808545632638
937	-8.724723429149865	-470.137947205254761
938	-8.727905794556982	-470.635085864876885
939	-8.731088159964097	-471.132224524499009
940	-8.734270525371212	-471.629363184121132
941	-8.737452890778329	-472.126501843743256
942	-8.740635256185444	-472.62364050336538
943	-8.743817621592559	-473.120779162987503
944	-8.746999986999676	-473.617917822609627
945	-8.750182352406791	-474.115056482231751
946	-8.753364717813906	-474.612195141853874
947	-8.756547083221022	-475.109333801475998
948	-8.759729448628137	-475.606472461098122
949	-8.762911814035252	-476.103611120720245
950	-8.766094179442369	-476.600749780342369
951	-8.769276544849484	-477.097888439964493
952	-8.772458910256599	-477.595027099586616
953	-8.775641275663716	-478.09216575920874
954	-8.778823641070831	-478.589304418830864
955	-8.782006006477946	-479.086443078452987
956	-8.785188371885063	-479.583581738075111
957	-8.788370737292178	-480.080720397697235
958	-8.791553102699293	-480.577859057319358
959	-8.79473546810641	-481.074997716941482
960	-8.797917833513525	-481.572136376563606
961	-8.80110019892064	-482.069275036185729
962	-8.804282564327757	-482.566413695807853
963	-8.807464929734872	-483.063552355429977
964	-8.810647295141987	-483.5606910150521
965	-8.813829660549104	-484.057829674674224
966	-8.817012025956219	-484.554968334296348
967	-8.820194391363334	-485.052106993918471
968	-8.82337675677045	-485.549245653540595
969	-8.826559122177565	-486.046384313162719
970	-8.82974148758468	-486.543522972784842
971	-8.832923852991797	-487.040661632406966
972	-8.836106218398912	-487.53780029202909
973	-8.839288583806027	-488.034938951651213
974	-8.842470949213144	-488.532077611273337
975	-8.845653314620259	-489.029216270895461
976	-8.848835680027374	-489.526354930517584
977	-8.852018045434491	-490.023493590139708
978	-8.855200410841606	-490.520632249761832
979	-8.858382776248721	-491.017770909383955
980	-8.861565141655838	-491.514909569006079
981	-8.864747507062953	-492.012048228628203
982	-8.867929872470068	-492.509186888250326
983	-8.871112237877185	-493.00632554787245
984	-8.8742946032843	-493.503464207494574
985	-8.877476968691415	-494.000602867116697
986	-8.880659334098532	-494.497741526738821
987	-8.883841699505647	-494.994880186360945
988	-8.887024064912762	-495.492018845983068
989	-8.890206430319878	-495.989157505605192
990	-8.893388795726993	-496.486296165227316
991	-8.896571161134109	-496.983434824849439
992	-8.899753526541225	-497.480573484471563
993	-8.90293589194834	-497.977712144093687
994	-8.906118257355455	-498.47485080371581
995	-8.909300622762572	-498.971989463337934
996	-8.912482988169687	-499.469128122960058
997	-8.915665353576802	-499.966266782582181
998	-8.918847718983919	-500.463405442204305
999	-8.922030084391034	-500.960544101826429
1000	-8.925212449798149	-501.457682761448552
1001	-8.928394815205266	-501.954821421070676
1002	-8.931577180612381	-502.4519600806928
1003	-8.934759546019496	-502.949098740314923
1004	-8.937941911426613	-503.446237399937047
1005	-8.941124276833728	-503.943376059559171
1006	-8.944306642240843	-504.440514719181294
1007	-8.94748900764796	-504.937653378803418
1008	-8.950671373055075	-505.434792038425542
1009	-8.95385373846219	-505.931930698047665
1010	-8.957036103869306	-506.429069357669789
1011	-8.960218469276422	-506.926208017291913
1012	-8.963400834683537	-507.423346676914036
1013	-8.966583200090653	-507.92048533653616
1014	-8.969765565497768	-508.417623996158284
1015	-8.972947930904883	-508.914762655780407
1016	-8.976130296312	-509.411901315402531
1017	-8.979312661719115	-509.909039975024655
1018	-8.98249502712623	-510.406178634646778
1019	-8.985677392533347	-510.903317294268902
1020	-8.988859757940462	-511.400455953891026
1021	-8.992042123347577	-511.897594613513149
1022	-8.995224488754694	-512.394733273135216
1023	-8.998406854161809	-512.891871932757454
1024	-9.001589219568924	-513.389010592379577
1025	-9.004771584976041	-513.886149252001701
1026	-9.007953950383156	-514.383287911623825
1027	-9.011136315790271	-514.880426571245948
1028	-9.014318681197388	-515.377565230868072
1029	-9.017501046604503	-515.874703890490196
1030	-9.020683412011618	-516.371842550112319
1031	-9.023865777418735	-516.868981209734443
1032	-9.02704814282585	-517.366119869356567
1033	-9.030230508232965	-517.86325852897869
1034	-9.033412873640081	-518.360397188600814
1035	-9.036595239047196	-518.857535848222938
1036	-9.039777604454311	-519.354674507845061
1037	-9.042959969861428	-519.851813167467185
1038	-9.046142335268543	-520.348951827089309
1039	-9.049324700675658	-520.846090486711432
1040	-9.052507066082775	-521.343229146333556
1041	-9.05568943148989	-521.84036780595568
1042	-9.058871796897005	-522.337506465577803
1043	-9.062054162304122	-522.834645125199927
1044	-9.065236527711237	-523.331783784822051
1045	-9.068418893118352	-523.828922444444174
1046	-9.071601258525469	-524.326061104066298
1047	-9.074783623932584	-524.823199763688422
1048	-9.077965989339699	-525.320338423310545
1049	-9.081148354746816	-525.817477082932669
1050	-9.084330720153931	-526.314615742554793
1051	-9.087513085561046	-526.811754402176916
1052	-9.090695450968163	-527.30889306179904
1053	-9.093877816375278	-527.806031721421164
1054	-9.097060181782393	-528.303170381043287
1055	-9.100242547189509	-528.800309040665411
1056	-9.103424912596624	-529.297447700287535
1057	-9.106607278003739	-529.794586359909658
1058	-9.109789643410856	-530.291725019531782
1059	-9.112972008817971	-530.788863679153906
1060	-9.116154374225086	-531.286002338776029
1061	-9.119336739632203	-531.783140998398153
1062	-9.122519105039318	-532.280279658020277
1063	-9.125701470446433	-532.7774183176424
1064	-9.12888383585355	-533.274556977264524
1065	-9.132066201260665	-533.771695636886648
1066	-9.13524856666778	-534.268834296508771
1067	-9.138430932074897	-534.765972956130895
1068	-9.141613297482012	-535.263111615753019
1069	-9.144795662889127	-535.760250275375142
1070	-9.147978028296244	-536.257388934997266
1071	-9.151160393703359	-536.75452759461939
1072	-9.154342759110474	-537.251666254241513
1073	-9.157525124517591	-537.748804913863637
1074	-9.160707489924706	-538.245943573485761
1075	-9.163889855331821	-538.743082233107884
1076	-9.167072220738937	-539.240220892730008
1077	-9.170254586146052	-539.737359552352132
1078	-9.173436951553168	-540.234498211974255
1079	-9.176619316960284	-540.731636871596379
1080	-9.179801682367399	-541.228775531218503
1081	-9.182984047774514	-541.725914190840626
1082	-9.186166413181631	-542.22305285046275
1083	-9.189348778588746	-542.720191510084874
1084	-9.192531143995861	-543.217330169706997
1085	-9.195713509402978	-543.714468829329121
1086	-9.198895874810093	-544.211607488951245
1087	-9.202078240217208	-544.708746148573368
1088	-9.205260605624325	-545.205884808195492
1089	-9.20844297103144	-545.703023467817616
1090	-9.211625336438555	-546.200162127439739
1091	-9.214807701845672	-546.697300787061863
1092	-9.217990067252787	-547.194439446683987
1093	-9.221172432659902	-547.69157810630611
1094	-9.224354798067019	-548.188716765928234
1095	-9.227537163474134	-548.685855425550358
1096	-9.230719528881249	-549.182994085172481
1097	-9.233901894288365	-549.680132744794605
1098	-9.237084259695481	-550.177271404416729
1099	-9.240266625102596	-550.674410064038852
1100	-9.243448990509712	-551.171548723660976
1101	-9.246631355916827	-551.6686873832831
1102	-9.249813721323942	-552.165826042905223
1103	-9.252996086731059	-552.662964702527347
1104	-9.256178452138174	-553.160103362149471
1105	-9.259360817545289	-553.657242021771594
1106	-9.262543182952406	-554.154380681393718
1107	-9.265725548359521	-554.651519341015842
1108	-9.268907913766636	-555.148658000637965
1109	-9.272090279173753	-555.645796660260089
1110	-9.275272644580868	-556.142935319882213
1111	-9.278455009987983	-556.640073979504336
1112	-9.2816373753951	-557.13721263912646
1113	-9.284819740802215	-557.634351298748584
1114	-9.28800210620933	-558.131489958370707
1115	-9.291184471616447	-558.628628617992831
1116	-9.294366837023562	-559.125767277614955
1117	-9.297549202430677	-559.622905937237078
1118	-9.300731567837794	-560.120044596859202
1119	-9.303913933244909	-560.617183256481326
1120	-9.307096298652024	-561.114321916103449
1121	-9.31027866405914	-561.611460575725573
1122	-9.313461029466255	-562.108599235347697
1123	-9.31664339487337	-562.60573789496982
1124	-9.319825760280487	-563.102876554591944
1125	-9.323008125687602	-563.600015214214068
1126	-9.326190491094717	-564.097153873836191
1127	-9.329372856501834	-564.594292533458315
1128	-9.332555221908949	-565.091431193080439
1129	-9.335737587316064	-565.588569852702562
1130	-9.338919952723181	-566.085708512324686
1131	-9.342102318130296	-566.58284717194681
1132	-9.345284683537411	-567.079985831568933
1133	-9.348467048944528	-567.577124491191057
1134	-9.351649414351643	-568.074263150813181
1135	-9.354831779758758	-568.571401810435304
1136	-9.358014145165875	-569.068540470057428
1137	-9.36119651057299	-569.565679129679552
1138	-9.364378875980105	-570.062817789301675
1139	-9.367561241387222	-570.559956448923799
1140	-9.370743606794337	-571.057095108545923
1141	-9.373925972201452	-571.554233768168046
1142	-9.377108337608568	-572.05137242779017
1143	-9.380290703015683	-572.548511087412294
1144	-9.383473068422798	-573.045649747034417
1145	-9.386655433829915	-573.542788406656541
1146	-9.38983779923703	-574.039927066278665
1147	-9.393020164644145	-574.537065725900788
1148	-9.396202530051262	-575.034204385522912
1149	-9.399384895458377	-575.531343045145036
1150	-9.402567260865492	-576.028481704767159
1151	-9.405749626272609	-576.525620364389283
1152	-9.408931991679724	-577.022759024011407
1153	-9.412114357086839	-577.519897683633531
1154	-9.415296722493956	-578.017036343255654
1155	-9.418479087901071	-578.514175002877778
1156	-9.421661453308186	-579.011313662499902
1157	-9.424843818715303	-579.508452322122025
1158	-9.428026184122418	-580.005590981744149
1159	-9.431208549529533	-580.502729641366273
1160	-9.43439091493665	-580.999868300988396
1161	-9.437573280343765	-581.49700696061052
1162	-9.44075564575088	-581.994145620232644
1163	-9.443938011157996	-582.491284279854767
1164	-9.447120376565111	-582.988422939476891
1165	-9.450302741972227	-583.485561599099015
1166	-9.453485107379343	-583.982700258721138
1167	-9.456667472786458	-584.479838918343262
1168	-9.459849838193573	-584.976977577965386
1169	-9.46303220360069	-585.474116237587509
1170	-9.466214569007805	-585.971254897209633
1171	-9.46939693441492	-586.468393556831757
1172	-9.472579299822037	-586.96553221645388
1173	-9.475761665229152	-587.462670876076004
1174	-9.478944030636267	-587.959809535698128
1175	-9.482126396043384	-588.456948195320251
1176	-9.485308761450499	-588.954086854942375
1177	-9.488491126857614	-589.451225514564499
1178	-9.491673492264731	-589.948364174186622
1179	-9.494855857671846	-590.445502833808746
1180	-9.498038223078961	-590.94264149343087
1181	-9.501220588486078	-591.439780153052993
1182	-9.504402953893193	-591.936918812675117
1183	-9.507585319300308	-592.434057472297241
1184	-9.510767684707425	-592.931196131919364
1185	-9.51395005011454	-593.428334791541488
1186	-9.517132415521655	-593.925473451163612
1187	-9.520314780928771	-594.422612110785735
1188	-9.523497146335886	-594.919750770407859
1189	-9.526679511743001	-595.416889430029983
1190	-9.529861877150118	-595.914028089652106
1191	-9.533044242557233	-596.41116674927423
1192	-9.536226607964348	-596.908305408896354
1193	-9.539408973371465	-597.405444068518477
1194	-9.54259133877858	-597.902582728140601
1195	-9.545773704185695	-598.399721387762725
1196	-9.548956069592812	-598.896860047384848
1197	-9.552138434999927	-599.393998707006972
1198	-9.555320800407042	-599.891137366629096
1199	-9.558503165814159	-600.388276026251219
1200	-9.561685531221274	-600.885414685873343
1201	-9.564867896628389	-601.382553345495467
1202	-9.568050262035506	-601.87969200511759
1203	-9.571232627442621	-602.376830664739714
1204	-9.574414992849736	-602.873969324361838
1205	-9.577597358256853	-603.371107983983961
1206	-9.580779723663968	-603.868246643606085
1207	-9.583962089071083	-604.365385303228209
1208	-9.587144454478199	-604.862523962850332
1209	-9.590326819885314	-605.359662622472456
1210	-9.593509185292429	-605.85680128209458
1211	-9.596691550699546	-606.353939941716703
1212	-9.599873916106661	-606.851078601338827
1213	-9.603056281513776	-607.348217260960951
1214	-9.606238646920893	-607.845355920583074
1215	-9.609421012328008	-608.342494580205198
1216	-9.612603377735123	-608.839633239827322
1217	-9.61578574314224	-609.336771899449445
1218	-9.618968108549355	-609.833910559071569
1219	-9.62215047395647	-610.331049218693693
1220	-9.625332839363587	-610.828187878315816
1221	-9.628515204770702	-611.32532653793794
1222	-9.631697570177817	-611.822465197560064
1223	-9.634879935584934	-612.319603857182187
1224	-9.638062300992049	-612.816742516804311
1225	-9.641244666399164	-613.313881176426435
1226	-9.644427031806281	-613.811019836048558
1227	-9.647609397213396	-614.308158495670682
1228	-9.650791762620511	-614.805297155292806
1229	-9.653974128027627	-615.302435814914929
1230	-9.657156493434742	-615.799574474537053
1231	-9.660338858841858	-616.296713134159177
1232	-9.663521224248974	-616.7938517937813
1233	-9.666703589656089	-617.290990453403424
1234	-9.669885955063204	-617.788129113025548
1235	-9.673068320470321	-618.285267772647671
1236	-9.676250685877436	-618.782406432269795
1237	-9.679433051284551	-619.279545091891919
1238	-9.682615416691668	-619.776683751514042
1239	-9.685797782098783	-620.273822411136166
1240	-9.688980147505898	-620.77096107075829
1241	-9.692162512913015	-621.268099730380413
1242	-9.69534487832013	-621.765238390002537
1243	-9.698527243727245	-622.262377049624661
1244	-9.701709609134362	-622.759515709246784
1245	-9.704891974541477	-623.256654368868908
1246	-9.708074339948592	-623.753793028491032
1247	-9.711256705355709	-624.250931688113155
1248	-9.714439070762824	-624.748070347735279
1249	-9.717621436169939	-625.245209007357403
1250	-9.720803801577055	-625.742347666979526
1251	-9.723986166984171	-626.23948632660165
1252	-9.727168532391286	-626.736624986223774
1253	-9.730350897798402	-627.233763645845897
1254	-9.733533263205517	-627.730902305468021
1255	-9.736715628612632	-628.228040965090145
1256	-9.739897994019749	-628.725179624712268
1257	-9.743080359426864	-629.222318284334392
1258	-9.746262724833979	-629.719456943956516
1259	-9.749445090241096	-630.216595603578639
1260	-9.752627455648211	-630.713734263200763
1261	-9.755809821055326	-631.210872922822887
1262	-9.758992186462443	-631.70801158244501
1263	-9.762174551869558	-632.205150242067134
1264	-9.765356917276673	-632.702288901689258
1265	-9.76853928268379	-633.199427561311381
1266	-9.771721648090905	-633.696566220933505
1267	-9.77490401349802	-634.193704880555629
1268	-9.778086378905137	-634.690843540177752
1269	-9.781268744312252	-635.187982199799876
1270	-9.784451109719367	-635.685120859422
1271	-9.787633475126484	-636.182259519044123
1272	-9.790815840533599	-636.679398178666247
1273	-9.793998205940714	-637.176536838288371
1274	-9.79718057134783	-637.673675497910494
1275	-9.800362936754945	-638.170814157532618
1276	-9.80354530216206	-638.667952817154742
1277	-9.806727667569177	-639.165091476776865
1278	-9.809910032976292	-639.662230136398989
1279	-9.813092398383407	-640.159368796021113
1280	-9.816274763790524	-640.656507455643236
1281	-9.819457129197639	-641.15364611526536
1282	-9.822639494604754	-641.650784774887484
1283	-9.825821860011871	-642.147923434509607
1284	-9.829004225418986	-642.645062094131731
1285	-9.832186590826101	-643.142200753753855
1286	-9.835368956233218	-643.639339413375978
1287	-9.838551321640333	-644.136478072998102
1288	-9.841733687047448	-644.633616732620226
1289	-9.844916052454565	-645.130755392242349
1290	-9.84809841786168	-645.627894051864473
1291	-9.851280783268795	-646.125032711486597
1292	-9.854463148675912	-646.62217137110872
1293	-9.857645514083027	-647.119310030730844
1294	-9.860827879490142	-647.616448690352968
1295	-9.864010244897258	-648.113587349975091
1296	-9.867192610304373	-648.610726009597215
1297	-9.870374975711488	-649.107864669219339
1298	-9.873557341118605	-649.605003328841462
1299	-9.87673970652572	-650.102141988463586
1300	-9.879922071932835	-650.59928064808571
1301	-9.883104437339952	-651.096419307707833
1302	-9.886286802747067	-651.593557967329957
1303	-9.889469168154182	-652.090696626952081
1304	-9.892651533561299	-652.587835286574204
1305	-9.895833898968414	-653.084973946196328
1306	-9.899016264375529	-653.582112605818452
1307	-9.902198629782646	-654.079251265440575
1308	-9.905380995189761	-654.576389925062699
1309	-9.908563360596876	-655.073528584684823
1310	-9.911745726003993	-655.570667244306946
1311	-9.914928091411108	-656.06780590392907
1312	-9.918110456818223	-656.564944563551194
1313	-9.92129282222534	-657.062083223173317
1314	-9.924475187632455	-657.559221882795441
1315	-9.92765755303957	-658.056360542417565
1316	-9.930839918446686	-658.553499202039688
1317	-9.934022283853801	-659.050637861661812
1318	-9.937204649260917	-659.547776521283936
1319	-9.940387014668033	-660.04491518090606
1320	-9.943569380075148	-660.542053840528183
1321	-9.946751745482263	-661.039192500150307
1322	-9.94993411088938	-661.536331159772431
1323	-9.953116476296495	-662.033469819394554
1324	-9.95629884170361	-662.530608479016678
1325	-9.959481207110727	-663.027747138638802
1326	-9.962663572517842	-663.524885798260925
1327	-9.965845937924957	-664.022024457883049
1328	-9.969028303332074	-664.519163117505173
1329	-9.972210668739189	-665.016301777127296
1330	-9.975393034146304	-665.51344043674942
1331	-9.978575399553421	-666.010579096371544
1332	-9.981757764960536	-666.507717755993667
1333	-9.984940130367651	-667.004856415615791
1334	-9.988122495774768	-667.501995075237915
1335	-9.991304861181883	-667.999133734860038
1336	-9.994487226588998	-668.496272394482162
1337	-9.997669591996114	-668.993411054104286
1338	-10.00085195740323	-669.490549713726409
1339	-10.004034322810345	-669.987688373348533
1340	-10.007216688217461	-670.484827032970657
1341	-10.010399053624576	-670.98196569259278
1342	-10.013581419031691	-671.479104352214904
1343	-10.016763784438808	-671.976243011837028
1344	-10.019946149845923	-672.473381671459151
1345	-10.023128515253038	-672.970520331081275
1346	-10.026310880660155	-673.467658990703399
1347	-10.02949324606727	-673.964797650325522
1348	-10.032675611474385	-674.461936309947646
1349	-10.035857976881502	-674.95907496956977
1350	-10.039040342288617	-675.456213629191893
1351	-10.042222707695732	-675.953352288814017
1352	-10.045405073102849	-676.450490948436141
1353	-10.048587438509964	-676.947629608058264
1354	-10.051769803917079	-677.444768267680388
1355	-10.054952169324196	-677.941906927302512
1356	-10.058134534731311	-678.439045586924635
1357	-10.061316900138426	-678.936184246546759
1358	-10.064499265545543	-679.433322906168883
1359	-10.067681630952658	-679.930461565791006
1360	-10.070863996359773	-680.42760022541313
1361	-10.074046361766889	-680.924738885035254
1362	-10.077228727174004	-681.421877544657377
1363	-10.080411092581119	-681.919016204279501
1364	-10.083593457988236	-682.416154863901625
1365	-10.086775823395351	-682.913293523523748
1366	-10.089958188802466	-683.410432183145872
1367	-10.093140554209583	-683.907570842767996
1368	-10.096322919616698	-684.404709502390119
1369	-10.099505285023813	-684.901848162012243
1370	-10.10268765043093	-685.398986821634367
1371	-10.105870015838045	-685.89612548125649
1372	-10.10905238124516	-686.393264140878614
1373	-10.112234746652277	-686.890402800500738
1374	-10.115417112059392	-687.387541460122861
1375	-10.118599477466507	-687.884680119744985
1376	-10.121781842873624	-688.381818779367109
1377	-10.124964208280739	-688.878957438989232
1378	-10.128146573687854	-689.376096098611356
1379	-10.131328939094971	-689.87323475823348
1380	-10.134511304502086	-690.370373417855603
1381	-10.137693669909201	-690.867512077477727
1382	-10.140876035316317	-691.364650737099851
1383	-10.144058400723432	-691.861789396721974
1384	-10.147240766130547	-692.358928056344098
1385	-10.150423131537664	-692.856066715966222
1386	-10.153605496944779	-693.353205375588345
1387	-10.156787862351894	-693.850344035210469
1388	-10.159970227759011	-694.347482694832593
1389	-10.163152593166126	-694.844621354454716
1390	-10.166334958573241	-695.34176001407684
1391	-10.169517323980358	-695.838898673698964
1392	-10.172699689387473	-696.336037333321087
1393	-10.175882054794588	-696.833175992943211
1394	-10.179064420201705	-697.330314652565335
1395	-10.18224678560882	-697.827453312187458
1396	-10.185429151015935	-698.324591971809582
1397	-10.188611516423052	-698.821730631431706
1398	-10.191793881830167	-699.318869291053829
1399	-10.194976247237282	-699.816007950675953
1400	-10.198158612644399	-700.313146610298077
1401	-10.201340978051514	-700.8102852699202
1402	-10.204523343458629	-701.307423929542324
1403	-10.207705708865745	-701.804562589164448
1404	-10.21088807427286	-702.301701248786571
1405	-10.214070439679976	-702.798839908408695
1406	-10.217252805087092	-703.295978568030819
1407	-10.220435170494207	-703.793117227652942
1408	-10.223617535901322	-704.290255887275066
1409	-10.226799901308439	-704.78739454689719
1410	-10.229982266715554	-705.284533206519313
1411	-10.233164632122669	-705.781671866141437
1412	-10.236346997529786	-706.278810525763561
1413	-10.239529362936901	-706.775949185385684
1414	-10.242711728344016	-707.273087845007808
1415	-10.245894093751133	-707.770226504629932
1416	-10.249076459158248	-708.267365164252055
1417	-10.252258824565363	-708.764503823874179
1418	-10.25544118997248	-709.261642483496303
1419	-10.258623555379595	-709.758781143118426
1420	-10.26180592078671	-710.25591980274055
1421	-10.264988286193827	-710.753058462362674
1422	-10.268170651600942	-711.250197121984797
1423	-10.271353017008057	-711.747335781606921
1424	-10.274535382415174	-712.244474441229045
1425	-10.277717747822289	-712.741613100851168
1426	-10.280900113229404	-713.238751760473292
1427	-10.28408247863652	-713.735890420095416
1428	-10.287264844043635	-714.233029079717539
1429	-10.29044720945075	-714.730167739339663
1430	-10.293629574857867	-715.227306398961787
1431	-10.296811940264982	-715.72444505858391
1432	-10.299994305672097	-716.221583718206034
1433	-10.303176671079214	-716.718722377828158
1434	-10.306359036486329	-717.215861037450281
1435	-10.309541401893444	-717.712999697072405
1436	-10.312723767300561	-718.210138356694529
1437	-10.315906132707676	-718.707277016316652
1438	-10.319088498114791	-719.204415675938776
1439	-10.322270863521908	-719.7015543355609
1440	-10.325453228929023	-720.198692995183023
1441	-10.328635594336138	-720.695831654805147
1442	-10.331817959743255	-721.192970314427271
1443	-10.33500032515037	-721.690108974049394
1444	-10.338182690557485	-722.187247633671518
1445	-10.341365055964602	-722.684386293293642
1446	-10.344547421371717	-723.181524952915765
1447	-10.347729786778832	-723.678663612537889
1448	-10.350912152185948	-724.175802272160013
1449	-10.354094517593063	-724.672940931782136
1450	-10.357276883000178	-725.17007959140426
1451	-10.360459248407295	-725.667218251026384
1452	-10.36364161381441	-726.164356910648507
1453	-10.366823979221525	-726.661495570270631
1454	-10.370006344628642	-727.158634229892755
1455	-10.373188710035757	-727.655772889514878
1456	-10.376371075442872	-728.152911549137002
1457	-10.379553440849989	-728.650050208759126
1458	-10.382735806257104	-729.147188868381249
1459	-10.385918171664219	-729.644327528003373
1460	-10.389100537071336	-730.141466187625497
1461	-10.392282902478451	-730.63860484724762
1462	-10.395465267885566	-731.135743506869744
1463	-10.398647633292683	-731.632882166491868
1464	-10.401829998699798	-732.130020826113991
1465	-10.405012364106913	-732.627159485736115
1466	-10.40819472951403	-733.124298145358239
1467	-10.411377094921145	-733.621436804980362
1468	-10.41455946032826	-734.118575464602486
1469	-10.417741825735376	-734.61571412422461
1470	-10.420924191142491	-735.112852783846733
1471	-10.424106556549606	-735.609991443468857
1472	-10.427288921956723	-736.107130103090981
1473	-10.430471287363838	-736.604268762713104
1474	-10.433653652770953	-737.101407422335228
1475	-10.43683601817807	-737.598546081957352
1476	-10.440018383585185	-738.095684741579475
1477	-10.4432007489923	-738.592823401201599
1478	-10.446383114399417	-739.089962060823723
1479	-10.449565479806532	-739.587100720445846
1480	-10.452747845213647	-740.08423938006797
1481	-10.455930210620764	-740.581378039690094
1482	-10.459112576027879	-741.078516699312217
1483	-10.462294941434994	-741.575655358934341
1484	-10.465477306842111	-742.072794018556465
1485	-10.468659672249226	-742.569932678178589
1486	-10.471842037656341	-743.067071337800712
1487	-10.475024403063458	-743.564209997422836
1488	-10.478206768470573	-744.06134865704496
1489	-10.481389133877688	-744.558487316667083
1490	-10.484571499284804	-745.055625976289207
1491	-10.48775386469192	-745.552764635911331
1492	-10.490936230099035	-746.049903295533454
1493	-10.494118595506151	-746.547041955155578
1494	-10.497300960913266	-747.044180614777702
1495	-10.500483326320381	-747.541319274399825
1496	-10.503665691727498	-748.038457934021949
1497	-10.506848057134613	-748.535596593644073
1498	-10.510030422541728	-749.032735253266196
1499	-10.513212787948845	-749.52987391288832
1500	-10.51639515335596	-750.027012572510444
