5	-11.732201356564573	-13.508708073169464
6	-11.234631667073211	-13.514360015933216
7	-10.842407602647075	-13.520011958696967
8	-10.51916154373164	-13.525663901460719
9	-10.24469080775223	-13.531315844224471
10	-10.006572899578078	-13.536967786988223
11	-9.796611076996196	-13.542619729751975
12	-9.609107344004981	-13.548271672515726
13	-9.439938008653899	-13.553923615279478
14	-9.286021429757614	-13.55957555804323
15	-9.144993565490513	-13.565227500806982
16	-9.015000872788173	-13.570879443570734
17	-8.894562992179154	-13.576531386334485
18	-8.78247874812935	-13.582183329098237
19	-8.677760024188382	-13.587835271861989
20	-8.57958413963674	-13.593487214625741
21	-8.487258839520502	-13.599139157389493
22	-8.400196087734294	-13.604791100153244
23	-8.317892132280903	-13.610443042916996
24	-8.239912122460494	-13.616094985680748
25	-8.165878084446494	-13.6217469284445
26	-8.095459411729477	-13.627398871208252
27	-8.028365264279099	-13.633050813972003
28	-7.964338434219057	-13.638702756735755
29	-7.903150350941706	-13.644354699499507
30	-7.844596980677593	-13.650006642263259
31	-7.788495434884203	-13.655658585027011
32	-7.734681145279446	-13.661310527790762
33	-7.683005495550413	-13.666962470554514
34	-7.633333823894418	-13.672614413318266
35	-7.585543728808704	-13.678266356082018
36	-7.539523624495336	-13.68391829884577
37	-7.495171503000632	-13.689570241609522
38	-7.452393868565443	-13.695222184373273
39	-7.411104816208224	-13.700874127137025
40	-7.371225231727216	-13.706526069900777
41	-7.332682094410718	-13.712178012664529
42	-7.295407867024904	-13.717829955428281
43	-7.259339960287659	-13.723481898192032
44	-7.224420261172375	-13.729133840955784
45	-7.190594716123107	-13.734785783719536
46	-7.157812961683449	-13.740437726483288
47	-7.126027996209494	-13.74608966924704
48	-7.095195887301736	-13.751741612010791
49	-7.065275510390908	-13.757393554774543
50	-7.036228314579285	-13.763045497538295
51	-7.008018112396604	-13.768697440302047
52	-6.980610890597978	-13.774349383065799
53	-6.953974639525917	-13.78000132582955
54	-6.92807919889249	-13.785653268593302
55	-6.902896118121084	-13.791305211357054
56	-6.878398529628676	-13.796957154120806
57	-6.854561033635766	-13.802609096884558
58	-6.831359593267882	-13.808261039648309
59	-6.808771438864529	-13.813912982412061
60	-6.786774980542381	-13.819564925175813
61	-6.76534972817271	-13.825216867939565
62	-6.744476218031123	-13.830868810703317
63	-6.724135945462883	-13.836520753467068
64	-6.704311302981289	-13.84217269623082
65	-6.684985523281359	-13.847824638994572
66	-6.666142626707739	-13.853476581758324
67	-6.647767372765431	-13.859128524522076
68	-6.629845215305613	-13.864780467285827
69	-6.612362261057254	-13.870432410049579
70	-6.595305231209159	-13.876084352813331
71	-6.578661425777046	-13.881736295577083
72	-6.562418690516823	-13.887388238340835
73	-6.546565386168796	-13.893040181104586
74	-6.531090359838454	-13.898692123868338
75	-6.515982918338173	-13.90434406663209
76	-6.50123280333074	-13.909996009395842
77	-6.486830168130528	-13.915647952159594
78	-6.472765556031357	-13.921299894923346
79	-6.459029880042074	-13.926951837687097
80	-6.445614403921492	-13.932603780450849
81	-6.432510724413978	-13.938255723214601
82	-6.41971075459561	-13.943907665978353
83	-6.407206708248597	-13.949559608742105
84	-6.39499108518871	-13.955211551505856
85	-6.383056657476799	-13.960863494269608
86	-6.371396456451237	-13.96651543703336
87	-6.360003760523303	-13.972167379797112
88	-6.348872083682287	-13.977819322560864
89	-6.337995164661333	-13.983471265324615
90	-6.327366956718967	-13.989123208088367
91	-6.316981617994788	-13.994775150852119
92	-6.306833502401037	-14.000427093615871
93	-6.296917151014696	-14.006079036379623
94	-6.287227283937471	-14.011730979143374
95	-6.277758792593457	-14.017382921907126
96	-6.268506732436555	-14.023034864670878
97	-6.259466316041739	-14.02868680743463
98	-6.250632906556186	-14.034338750198382
99	-6.242002011488006	-14.039990692962133
100	-6.233569276811891	-14.045642635725885
101	-6.225330481372477	-14.051294578489637
102	-6.21728153156755	-14.056946521253389
103	-6.209418456294472	-14.062598464017141
104	-6.201737402144333	-14.068250406780892
105	-6.194234628829403	-14.073902349544644
106	-6.186906504830419	-14.079554292308396
107	-6.17974950325114	-14.085206235072148
108	-6.172760197868444	-14.0908581778359
109	-6.16593525936699	-14.096510120599651
110	-6.159271451748199	-14.102162063363403
111	-6.152765628903948	-14.107814006127155
112	-6.146414731346	-14.113465948890907
113	-6.140215783082746	-14.119117891654659
114	-6.134165888635366	-14.12476983441841
115	-6.128262230186008	-14.130421777182162
116	-6.122502064851037	-14.136073719945914
117	-6.116882722072815	-14.141725662709666
118	-6.111401601123903	-14.147377605473418
119	-6.1060561687179	-14.15302954823717
120	-6.100843956721507	-14.158681491000921
121	-6.095762559962703	-14.164333433764673
122	-6.090809634130241	-14.169985376528425
123	-6.085982893759913	-14.175637319292177
124	-6.081280110303344	-14.181289262055929
125	-6.076699110275269	-14.18694120481968
126	-6.072237773475496	-14.192593147583432
127	-6.067894031281989	-14.198245090347184
128	-6.063665865011655	-14.203897033110936
129	-6.059551304345662	-14.209548975874688
130	-6.05554842581625	-14.215200918638439
131	-6.051655351352175	-14.220852861402191
132	-6.047870246880092	-14.226504804165943
133	-6.044191320979291	-14.232156746929695
134	-6.040616823587388	-14.237808689693447
135	-6.037145044754654	-14.243460632457198
136	-6.033774313444813	-14.24911257522095
137	-6.030502996380237	-14.254764517984702
138	-6.027329496929589	-14.260416460748454
139	-6.024252254036043	-14.266068403512206
140	-6.02126974118433	-14.271720346275957
141	-6.018380465404921	-14.277372289039709
142	-6.01558296631377	-14.283024231803461
143	-6.012875815186085	-14.288676174567213
144	-6.010257614062716	-14.294328117330965
145	-6.007726994887762	-14.299980060094716
146	-6.005282618676116	-14.305632002858468
147	-6.002923174709705	-14.31128394562222
148	-6.000647379761247	-14.316935888385972
149	-5.998453977344392	-14.322587831149724
150	-5.996341736989192	-14.328239773913475
151	-5.994309453541874	-14.333891716677227
152	-5.99235594648794	-14.339543659440979
153	-5.990480059297676	-14.345195602204731
154	-5.988680658793173	-14.350847544968483
155	-5.986956634536035	-14.356499487732234
156	-5.985306898234948	-14.362151430495986
157	-5.983730383172357	-14.367803373259738
158	-5.982226043649509	-14.37345531602349
159	-5.980792854449157	-14.379107258787242
160	-5.979429810315269	-14.384759201550994
161	-5.978135925449082	-14.390411144314745
162	-5.976910233020899	-14.396063087078497
163	-5.975751784697042	-14.401715029842249
164	-5.974659650181399	-14.407366972606001
165	-5.973632916771025	-14.413018915369753
166	-5.972670688925285	-14.418670858133504
167	-5.971772087848051	-14.424322800897256
168	-5.970936251082474	-14.429974743661008
169	-5.970162332117883	-14.43562668642476
170	-5.96944950000838	-14.441278629188512
171	-5.968796939002713	-14.446930571952263
172	-5.968203848185031	-14.452582514716015
173	-5.967669441126136	-14.458234457479767
174	-5.96719294554487	-14.463886400243519
175	-5.966773602979284	-14.469538343007271
176	-5.966410668467255	-14.475190285771022
177	-5.966103410236217	-14.480842228534774
178	-5.965851109401712	-14.486494171298526
179	-5.965653059674447	-14.492146114062278
180	-5.965508567075576	-14.49779805682603
181	-5.965416949659933	-14.503449999589781
182	-5.965377537246957	-14.509101942353533
183	-5.965389671159034	-14.514753885117285
184	-5.965452703967036	-14.520405827881037
185	-5.965565999242803	-14.526057770644789
186	-5.965728931318356	-14.53170971340854
187	-5.965940885051609	-14.537361656172292
188	-5.966201255598379	-14.543013598936044
189	-5.966509448190494	-14.548665541699796
190	-5.966864877919796	-14.554317484463548
191	-5.967266969527859	-14.559969427227299
192	-5.967715157201242	-14.565621369991051
193	-5.968208884372094	-14.571273312754803
194	-5.968747603523958	-14.576925255518555
195	-5.969330776002602	-14.582577198282307
196	-5.969957871831723	-14.588229141046059
197	-5.970628369533383	-14.59388108380981
198	-5.971341755953015	-14.599533026573562
199	-5.972097526088877	-14.605184969337314
200	-5.972895182925816	-14.610836912101066
201	-5.9737342372732	-14.616488854864818
202	-5.974614207606907	-14.622140797628569
203	-5.975534619915245	-14.627792740392321
204	-5.976495007548686	-14.633444683156073
205	-5.9774949110733	-14.639096625919825
206	-5.978533878127784	-14.644748568683577
207	-5.979611463283979	-14.650400511447328
208	-5.98072722791077	-14.65605245421108
209	-5.98188074004128	-14.661704396974832
210	-5.983071574243252	-14.667356339738584
211	-5.984299311492538	-14.673008282502336
212	-5.985563539049597	-14.678660225266087
213	-5.986863850338926	-14.684312168029839
214	-5.98819984483133	-14.689964110793591
215	-5.989571127928962	-14.695616053557343
216	-5.990977310853052	-14.701267996321095
217	-5.992418010534239	-14.706919939084846
218	-5.993892849505459	-14.712571881848598
219	-5.995401455797286	-14.71822382461235
220	-5.996943462835692	-14.723875767376102
221	-5.998518509342127	-14.729527710139854
222	-6.000126239235888	-14.735179652903605
223	-6.001766301538684	-14.740831595667357
224	-6.003438350281367	-14.746483538431109
225	-6.005142044412744	-14.752135481194861
226	-6.006877047710438	-14.757787423958613
227	-6.008643028693722	-14.763439366722364
228	-6.010439660538293	-14.769091309486116
229	-6.012266620992921	-14.774743252249868
230	-6.014123592297925	-14.78039519501362
231	-6.016010261105446	-14.786047137777372
232	-6.017926318401438	-14.791699080541123
233	-6.019871459429361	-14.797351023304875
234	-6.021845383615522	-14.803002966068627
235	-6.023847794496016	-14.808654908832379
236	-6.025878399645233	-14.814306851596131
237	-6.027936910605891	-14.819958794359883
238	-6.030023042820552	-14.825610737123634
239	-6.032136515564591	-14.831262679887386
240	-6.034277051880569	-14.836914622651138
241	-6.036444378513983	-14.84256656541489
242	-6.03863822585037	-14.848218508178642
243	-6.040858327853701	-14.853870450942393
244	-6.043104422006064	-14.859522393706145
245	-6.04537624924859	-14.865174336469897
246	-6.047673553923584	-14.870826279233649
247	-6.049996083717855	-14.876478221997401
248	-6.052343589607188	-14.882130164761152
249	-6.054715825801953	-14.887782107524904
250	-6.057112549693805	-14.893434050288656
251	-6.05953352180347	-14.899085993052408
252	-6.061978505729566	-14.90473793581616
253	-6.064447268098458	-14.910389878579911
254	-6.066939578515102	-14.916041821343663
255	-6.069455209514875	-14.921693764107415
256	-6.071993936516347	-14.927345706871167
257	-6.074555537774986	-14.932997649634919
258	-6.077139794337774	-14.93864959239867
259	-6.079746489998708	-14.944301535162422
260	-6.082375411255165	-14.949953477926174
261	-6.085026347265114	-14.955605420689926
262	-6.087699089805158	-14.961257363453678
263	-6.090393433229379	-14.966909306217429
264	-6.093109174428979	-14.972561248981181
265	-6.095846112792679	-14.978213191744933
266	-6.098604050167889	-14.983865134508685
267	-6.101382790822602	-14.989517077272437
268	-6.104182141408011	-14.995169020036188
269	-6.107001910921835	-15.00082096279994
270	-6.109841910672327	-15.006472905563692
271	-6.112701954242956	-15.012124848327444
272	-6.115581857457752	-15.017776791091196
273	-6.118481438347285	-15.023428733854947
274	-6.121400517115284	-15.029080676618699
275	-6.124338916105866	-15.034732619382451
276	-6.127296459771361	-15.040384562146203
277	-6.130272974640739	-15.046036504909955
278	-6.133268289288605	-15.051688447673707
279	-6.136282234304754	-15.057340390437458
280	-6.139314642264286	-15.06299233320121
281	-6.142365347698258	-15.068644275964962
282	-6.145434187064857	-15.074296218728714
283	-6.148520998721102	-15.079948161492466
284	-6.151625622895041	-15.085600104256217
285	-6.154747901658451	-15.091252047019969
286	-6.157887678900015	-15.096903989783721
287	-6.161044800298979	-15.102555932547473
288	-6.164219113299273	-15.108207875311225
289	-6.167410467084088	-15.113859818074976
290	-6.17061871255089	-15.119511760838728
291	-6.17384370228688	-15.12516370360248
292	-6.17708529054488	-15.130815646366232
293	-6.180343333219628	-15.136467589129984
294	-6.183617687824495	-15.142119531893735
295	-6.186908213468596	-15.147771474657487
296	-6.190214770834293	-15.153423417421239
297	-6.19353722215509	-15.159075360184991
298	-6.196875431193899	-15.164727302948743
299	-6.200229263221678	-15.170379245712494
300	-6.203598584996431	-15.176031188476246
301	-6.206983264742566	-15.181683131239998
302	-6.210383172130591	-15.18733507400375
303	-6.213798178257167	-15.192987016767502
304	-6.21722815562548	-15.198638959531253
305	-6.220672978125949	-15.204290902295005
306	-6.224132521017252	-15.209942845058757
307	-6.22760666090767	-15.215594787822509
308	-6.231095275736734	-15.221246730586261
309	-6.234598244757181	-15.226898673350012
310	-6.238115448517201	-15.232550616113764
311	-6.24164676884298	-15.238202558877516
312	-6.245192088821525	-15.243854501641268
313	-6.248751292783767	-15.24950644440502
314	-6.252324266287947	-15.255158387168771
315	-6.255910896103259	-15.260810329932523
316	-6.259511070193767	-15.266462272696275
317	-6.263124677702575	-15.272114215460027
318	-6.266751608936256	-15.277766158223779
319	-6.270391755349525	-15.283418100987531
320	-6.274045009530159	-15.289070043751282
321	-6.277711265184158	-15.294721986515034
322	-6.281390417121141	-15.300373929278786
323	-6.28508236123997	-15.306025872042538
324	-6.288786994514605	-15.31167781480629
325	-6.292504214980178	-15.317329757570041
326	-6.296233921719288	-15.322981700333793
327	-6.299976014848512	-15.328633643097545
328	-6.303730395505116	-15.334285585861297
329	-6.307496965833986	-15.339937528625049
330	-6.311275628974755	-15.3455894713888
331	-6.31506628904913	-15.351241414152552
332	-6.318868851148412	-15.356893356916304
333	-6.322683221321212	-15.362545299680056
334	-6.326509306561352	-15.368197242443808
335	-6.330347014795954	-15.373849185207559
336	-6.334196254873709	-15.379501127971311
337	-6.338056936553322	-15.385153070735063
338	-6.341928970492137	-15.390805013498815
339	-6.345812268234929	-15.396456956262567
340	-6.349706742202871	-15.402108899026318
341	-6.353612305682661	-15.40776084179007
342	-6.357528872815817	-15.413412784553822
343	-6.361456358588125	-15.419064727317574
344	-6.365394678819254	-15.424716670081326
345	-6.369343750152519	-15.430368612845077
346	-6.373303490044798	-15.436020555608829
347	-6.377273816756594	-15.441672498372581
348	-6.381254649342254	-15.447324441136333
349	-6.385245907640322	-15.452976383900085
350	-6.389247512264037	-15.458628326663836
351	-6.393259384591969	-15.464280269427588
352	-6.397281446758795	-15.46993221219134
353	-6.401313621646208	-15.475584154955092
354	-6.405355832873957	-15.481236097718844
355	-6.409408004791016	-15.486888040482595
356	-6.41347006246688	-15.492539983246347
357	-6.417541931682996	-15.498191926010099
358	-6.421623538924301	-15.503843868773851
359	-6.425714811370897	-15.509495811537603
360	-6.429815676889834	-15.515147754301355
361	-6.433926064027014	-15.520799697065106
362	-6.438045901999215	-15.526451639828858
363	-6.44217512068622	-15.53210358259261
364	-6.446313650623063	-15.537755525356362
365	-6.450461422992382	-15.543407468120114
366	-6.454618369616884	-15.549059410883865
367	-6.458784422951907	-15.554711353647617
368	-6.462959516078097	-15.560363296411369
369	-6.467143582694182	-15.566015239175121
370	-6.471336557109843	-15.571667181938873
371	-6.475538374238693	-15.577319124702624
372	-6.479748969591347	-15.582971067466376
373	-6.48396827926859	-15.588623010230128
374	-6.48819623995464	-15.59427495299388
375	-6.492432788910505	-15.599926895757632
376	-6.496677863967424	-15.605578838521383
377	-6.500931403520409	-15.611230781285135
378	-6.505193346521868	-15.616882724048887
379	-6.509463632475318	-15.622534666812639
380	-6.513742201429179	-15.628186609576391
381	-6.518028993970661	-15.633838552340142
382	-6.522323951219724	-15.639490495103894
383	-6.526627014823131	-15.645142437867646
384	-6.530938126948565	-15.650794380631398
385	-6.535257230278845	-15.65644632339515
386	-6.539584268006204	-15.662098266158901
387	-6.543919183826647	-15.667750208922653
388	-6.548261921934395	-15.673402151686405
389	-6.552612427016385	-15.679054094450157
390	-6.556970644246858	-15.684706037213909
391	-6.561336519282015	-15.69035797997766
392	-6.565709998254739	-15.696009922741412
393	-6.570091027769391	-15.701661865505164
394	-6.574479554896673	-15.707313808268916
395	-6.578875527168563	-15.712965751032668
396	-6.583278892573309	-15.718617693796419
397	-6.587689599550491	-15.724269636560171
398	-6.592107596986156	-15.729921579323923
399	-6.596532834207999	-15.735573522087675
400	-6.600965260980626	-15.741225464851427
401	-6.605404827500863	-15.746877407615179
402	-6.609851484393134	-15.75252935037893
403	-6.614305182704896	-15.758181293142682
404	-6.618765873902138	-15.763833235906434
405	-6.623233509864924	-15.769485178670186
406	-6.627708042883013	-15.775137121433938
407	-6.632189425651514	-15.780789064197689
408	-6.636677611266618	-15.786441006961441
409	-6.641172553221365	-15.792092949725193
410	-6.645674205401475	-15.797744892488945
411	-6.650182522081233	-15.803396835252697
412	-6.654697457919419	-15.809048778016448
413	-6.6592189679553	-15.8147007207802
414	-6.663747007604658	-15.820352663543952
415	-6.668281532655882	-15.826004606307704
416	-6.672822499266101	-15.831656549071456
417	-6.677369863957367	-15.837308491835207
418	-6.681923583612886	-15.842960434598959
419	-6.686483615473301	-15.848612377362711
420	-6.691049917133006	-15.854264320126463
421	-6.69562244653653	-15.859916262890215
422	-6.700201161974938	-15.865568205653966
423	-6.704786022082303	-15.871220148417718
424	-6.709376985832198	-15.87687209118147
425	-6.71397401253425	-15.882524033945222
426	-6.718577061830726	-15.888175976708974
427	-6.723186093693162	-15.893827919472725
428	-6.727801068419034	-15.899479862236477
429	-6.732421946628476	-15.905131805000229
430	-6.737048689261026	-15.910783747763981
431	-6.741681257572417	-15.916435690527733
432	-6.746319613131416	-15.922087633291484
433	-6.75096371781668	-15.927739576055236
434	-6.755613533813677	-15.933391518818988
435	-6.760269023611618	-15.93904346158274
436	-6.764930150000445	-15.944695404346492
437	-6.769596876067845	-15.950347347110243
438	-6.774269165196305	-15.955999289873995
439	-6.778946981060198	-15.961651232637747
440	-6.783630287622905	-15.967303175401499
441	-6.788319049133975	-15.972955118165251
442	-6.793013230126312	-15.978607060929003
443	-6.797712795413404	-15.984259003692754
444	-6.802417710086576	-15.989910946456506
445	-6.80712793951228	-15.995562889220258
446	-6.811843449329415	-16.001214831984008
447	-6.816564205446683	-16.00686677474776
448	-6.821290174039972	-16.012518717511512
449	-6.826021321549769	-16.018170660275263
450	-6.830757614678603	-16.023822603039015
451	-6.835499020388525	-16.029474545802767
452	-6.840245505898606	-16.035126488566519
453	-6.844997038682473	-16.040778431330271
454	-6.849753586465872	-16.046430374094022
455	-6.854515117224254	-16.052082316857774
456	-6.859281599180392	-16.057734259621526
457	-6.864053000802032	-16.063386202385278
458	-6.868829290799559	-16.06903814514903
459	-6.873610438123698	-16.074690087912781
460	-6.878396411963242	-16.080342030676533
461	-6.883187181742796	-16.085993973440285
462	-6.887982717120563	-16.091645916204037
463	-6.892782987986137	-16.097297858967789
464	-6.897587964458338	-16.10294980173154
465	-6.902397616883058	-16.108601744495292
466	-6.907211915831142	-16.114253687259044
467	-6.912030832096283	-16.119905630022796
468	-6.916854336692951	-16.125557572786548
469	-6.921682400854336	-16.131209515550299
470	-6.926514996030322	-16.136861458314051
471	-6.931352093885477	-16.142513401077803
472	-6.936193666297068	-16.148165343841555
473	-6.941039685353102	-16.153817286605307
474	-6.945890123350384	-16.159469229369058
475	-6.950744952792598	-16.16512117213281
476	-6.955604146388407	-16.170773114896562
477	-6.960467677049582	-16.176425057660314
478	-6.96533551788914	-16.182077000424066
479	-6.970207642219514	-16.187728943187818
480	-6.975084023550735	-16.193380885951569
481	-6.979964635588637	-16.199032828715321
482	-6.984849452233083	-16.204684771479073
483	-6.989738447576208	-16.210336714242825
484	-6.994631595900684	-16.215988657006577
485	-6.999528871678	-16.221640599770328
486	-7.004430249566763	-16.22729254253408
487	-7.009335704411019	-16.232944485297832
488	-7.014245211238592	-16.238596428061584
489	-7.019158745259435	-16.244248370825336
490	-7.024076281864007	-16.249900313589087
491	-7.028997796621665	-16.255552256352839
492	-7.033923265279069	-16.261204199116591
493	-7.038852663758609	-16.266856141880343
494	-7.04378596815685	-16.272508084644095
495	-7.048723154742987	-16.278160027407846
496	-7.053664199957322	-16.283811970171598
497	-7.058609080409758	-16.28946391293535
498	-7.063557772878302	-16.295115855699102
499	-7.068510254307596	-16.300767798462854
500	-7.07346650180745	-16.306419741226605
501	-7.078426492651399	-16.312071683990357
502	-7.083390204275275	-16.317723626754109
503	-7.088357614275789	-16.323375569517861
504	-7.093328700409135	-16.329027512281613
505	-7.098303440589602	-16.334679455045364
506	-7.103281812888205	-16.340331397809116
507	-7.108263795531328	-16.345983340572868
508	-7.113249366899383	-16.35163528333662
509	-7.118238505525482	-16.357287226100372
510	-7.12323119009412	-16.362939168864123
511	-7.128227399439878	-16.368591111627875
512	-7.133227112546138	-16.374243054391627
513	-7.138230308543801	-16.379894997155379
514	-7.143236966710038	-16.385546939919131
515	-7.148247066467032	-16.391198882682882
516	-7.153260587380751	-16.396850825446634
517	-7.158277509159721	-16.402502768210386
518	-7.163297811653821	-16.408154710974138
519	-7.168321474853082	-16.41380665373789
520	-7.173348478886507	-16.419458596501642
521	-7.178378804020895	-16.425110539265393
522	-7.18341243065968	-16.430762482029145
523	-7.188449339341786	-16.436414424792897
524	-7.193489510740487	-16.442066367556649
525	-7.198532925662281	-16.447718310320401
526	-7.203579565045779	-16.453370253084152
527	-7.208629409960597	-16.459022195847904
528	-7.213682441606271	-16.464674138611656
529	-7.21873864131117	-16.470326081375408
530	-7.22379799053143	-16.47597802413916
531	-7.228860470849892	-16.481629966902911
532	-7.233926063975058	-16.487281909666663
533	-7.238994751740049	-16.492933852430415
534	-7.244066516101576	-16.498585795194167
535	-7.249141339138927	-16.504237737957919
536	-7.254219203052957	-16.50988968072167
537	-7.259300090165092	-16.515541623485422
538	-7.264383982916341	-16.521193566249174
539	-7.269470863866317	-16.526845509012926
540	-7.274560715692272	-16.532497451776678
541	-7.279653521188135	-16.538149394540429
542	-7.284749263263566	-16.543801337304181
543	-7.289847924943015	-16.549453280067933
544	-7.294949489364789	-16.555105222831685
545	-7.300053939780139	-16.560757165595437
546	-7.305161259552337	-16.566409108359188
547	-7.31027143215578	-16.57206105112294
548	-7.315384441175091	-16.577712993886692
549	-7.320500270304237	-16.583364936650444
550	-7.325618903345648	-16.589016879414196
551	-7.330740324209351	-16.594668822177947
552	-7.335864516912107	-16.600320764941699
553	-7.340991465576562	-16.605972707705451
554	-7.346121154430401	-16.611624650469203
555	-7.351253567805511	-16.617276593232955
556	-7.356388690137156	-16.622928535996707
557	-7.361526505963157	-16.628580478760458
558	-7.366666999923077	-16.63423242152421
559	-7.371810156757421	-16.639884364287962
560	-7.376955961306836	-16.645536307051714
561	-7.382104398511323	-16.651188249815466
562	-7.387255453409457	-16.656840192579217
563	-7.392409111137614	-16.662492135342969
564	-7.397565356929197	-16.668144078106721
565	-7.402724176113889	-16.673796020870473
566	-7.407885554116887	-16.679447963634225
567	-7.413049476458167	-16.685099906397976
568	-7.418215928751744	-16.690751849161728
569	-7.423384896704936	-16.69640379192548
570	-7.428556366117643	-16.702055734689232
571	-7.433730322881632	-16.707707677452984
572	-7.438906752979822	-16.713359620216735
573	-7.444085642485581	-16.719011562980487
574	-7.449266977562028	-16.724663505744239
575	-7.454450744461346	-16.730315448507991
576	-7.45963692952409	-16.735967391271743
577	-7.464825519178516	-16.741619334035494
578	-7.4700164999399	-16.747271276799246
579	-7.475209858409883	-16.752923219562998
580	-7.480405581275803	-16.75857516232675
581	-7.485603655310044	-16.764227105090502
582	-7.490804067369389	-16.769879047854253
583	-7.496006804394378	-16.775530990618005
584	-7.501211853408672	-16.781182933381757
585	-7.506419201518422	-16.786834876145509
586	-7.511628835911645	-16.792486818909261
587	-7.516840743857607	-16.798138761673012
588	-7.522054912706209	-16.803790704436764
589	-7.52727132988738	-16.809442647200516
590	-7.532489982910475	-16.815094589964268
591	-7.537710859363677	-16.82074653272802
592	-7.542933946913409	-16.826398475491771
593	-7.548159233303746	-16.832050418255523
594	-7.553386706355837	-16.837702361019275
595	-7.558616353967325	-16.843354303783027
596	-7.563848164111785	-16.849006246546779
597	-7.569082124838149	-16.854658189310531
598	-7.574318224270155	-16.860310132074282
599	-7.579556450605789	-16.865962074838034
600	-7.584796792116733	-16.871614017601786
601	-7.590039237147823	-16.877265960365538
602	-7.595283774116508	-16.88291790312929
603	-7.600530391512313	-16.888569845893041
604	-7.605779077896313	-16.894221788656793
605	-7.611029821900599	-16.899873731420545
606	-7.616282612227767	-16.905525674184297
607	-7.621537437650394	-16.911177616948049
608	-7.626794287010528	-16.9168295597118
609	-7.63205314921918	-16.922481502475552
610	-7.637314013255823	-16.928133445239304
611	-7.642576868167891	-16.933785388003056
612	-7.647841703070284	-16.939437330766808
613	-7.653108507144883	-16.945089273530559
614	-7.658377269640058	-16.950741216294311
615	-7.663647979870188	-16.956393159058063
616	-7.668920627215188	-16.962045101821815
617	-7.674195201120031	-16.967697044585567
618	-7.679471691094281	-16.973348987349318
619	-7.684750086711627	-16.97900093011307
620	-7.690030377609424	-16.984652872876822
621	-7.695312553488233	-16.990304815640574
622	-7.70059660411137	-16.995956758404326
623	-7.705882519304458	-17.001608701168077
624	-7.711170288954978	-17.007260643931829
625	-7.716459903011831	-17.012912586695581
626	-7.721751351484897	-17.018564529459333
627	-7.727044624444606	-17.024216472223085
628	-7.732339712021501	-17.029868414986836
629	-7.737636604405818	-17.035520357750588
630	-7.742935291847059	-17.04117230051434
631	-7.748235764653572	-17.046824243278092
632	-7.753538013192139	-17.052476186041844
633	-7.758842027887561	-17.058128128805595
634	-7.76414779922225	-17.063780071569347
635	-7.769455317735821	-17.069432014333099
636	-7.774764574024697	-17.075083957096851
637	-7.780075558741702	-17.080735899860603
638	-7.785388262595669	-17.086387842624355
639	-7.790702676351052	-17.092039785388106
640	-7.796018790827532	-17.097691728151858
641	-7.801336596899631	-17.10334367091561
642	-7.806656085496339	-17.108995613679362
643	-7.811977247600726	-17.114647556443114
644	-7.817300074249568	-17.120299499206865
645	-7.82262455653297	-17.125951441970617
646	-7.827950685594011	-17.131603384734369
647	-7.83327845262836	-17.137255327498121
648	-7.838607848883925	-17.142907270261873
649	-7.843938865660485	-17.148559213025624
650	-7.849271494309338	-17.154211155789376
651	-7.85460572623294	-17.159863098553128
652	-7.85994155288456	-17.16551504131688
653	-7.865278965767931	-17.171166984080632
654	-7.870617956436897	-17.176818926844383
655	-7.875958516495071	-17.182470869608135
656	-7.881300637595507	-17.188122812371887
657	-7.886644311440348	-17.193774755135639
658	-7.891989529780494	-17.199426697899391
659	-7.897336284415282	-17.205078640663142
660	-7.902684567192136	-17.210730583426894
661	-7.908034370006259	-17.216382526190646
662	-7.913385684800298	-17.222034468954398
663	-7.918738503564027	-17.22768641171815
664	-7.92409281833403	-17.233338354481901
665	-7.929448621193378	-17.238990297245653
666	-7.934805904271323	-17.244642240009405
667	-7.940164659742981	-17.250294182773157
668	-7.945524879829025	-17.255946125536909
669	-7.95088655679538	-17.26159806830066
670	-7.956249682952921	-17.267250011064412
671	-7.961614250657163	-17.272901953828164
672	-7.966980252307978	-17.278553896591916
673	-7.972347680349278	-17.284205839355668
674	-7.977716527268738	-17.289857782119419
675	-7.983086785597495	-17.295509724883171
676	-7.988458447909862	-17.301161667646923
677	-7.993831506823041	-17.306813610410675
678	-7.999205954996835	-17.312465553174427
679	-8.004581785133372	-17.318117495938179
680	-8.009958989976809	-17.32376943870193
681	-8.015337562313075	-17.329421381465682
682	-8.020717494969578	-17.335073324229434
683	-8.026098780814939	-17.340725266993186
684	-8.031481412758721	-17.346377209756938
685	-8.036865383751152	-17.352029152520689
686	-8.042250686782866	-17.357681095284441
687	-8.047637314884634	-17.363333038048193
688	-8.053025261127097	-17.368984980811945
689	-8.058414518620509	-17.374636923575697
690	-8.063805080514481	-17.380288866339448
691	-8.069196939997711	-17.3859408091032
692	-8.074590090297747	-17.391592751866952
693	-8.079984524680716	-17.397244694630704
694	-8.085380236451083	-17.402896637394456
695	-8.0907772189514	-17.408548580158207
696	-8.096175465562053	-17.414200522921959
697	-8.101574969701026	-17.419852465685711
698	-8.10697572482365	-17.425504408449463
699	-8.112377724422362	-17.431156351213215
700	-8.117780962026467	-17.436808293976966
701	-8.123185431201897	-17.442460236740718
702	-8.12859112555098	-17.44811217950447
703	-8.133998038712198	-17.453764122268222
704	-8.13940616435996	-17.459416065031974
705	-8.14481549620437	-17.465068007795725
706	-8.150226027990994	-17.470719950559477
707	-8.15563775350064	-17.476371893323229
708	-8.161050666549123	-17.482023836086981
709	-8.166464760987045	-17.487675778850733
710	-8.171880030699578	-17.493327721614484
711	-8.177296469606233	-17.498979664378236
712	-8.182714071660648	-17.504631607141988
713	-8.188132830850371	-17.51028354990574
714	-8.193552741196639	-17.515935492669492
715	-8.198973796754167	-17.521587435433243
716	-8.204395991610939	-17.527239378196995
717	-8.209819319887988	-17.532891320960747
718	-8.215243775739193	-17.538543263724499
719	-8.220669353351074	-17.544195206488251
720	-8.226096046942578	-17.549847149252003
721	-8.231523850764878	-17.555499092015754
722	-8.236952759101174	-17.561151034779506
723	-8.242382766266479	-17.566802977543258
724	-8.247813866607434	-17.57245492030701
725	-8.253246054502098	-17.578106863070762
726	-8.258679324359756	-17.583758805834513
727	-8.264113670620723	-17.589410748598265
728	-8.269549087756147	-17.595062691362017
729	-8.274985570267816	-17.600714634125769
730	-8.28042311268797	-17.606366576889521
731	-8.285861709579107	-17.612018519653272
732	-8.291301355533799	-17.617670462417024
733	-8.296742045174499	-17.623322405180776
734	-8.302183773153358	-17.628974347944528
735	-8.307626534152039	-17.63462629070828
736	-8.313070322881536	-17.640278233472031
737	-8.318515134081991	-17.645930176235783
738	-8.323960962522513	-17.651582118999535
739	-8.329407803000997	-17.657234061763287
740	-8.334855650343949	-17.662886004527039
741	-8.340304499406306	-17.66853794729079
742	-8.345754345071263	-17.674189890054542
743	-8.351205182250101	-17.679841832818294
744	-8.356657005882006	-17.685493775582046
745	-8.362109810933907	-17.691145718345798
746	-8.367563592400298	-17.696797661109549
747	-8.373018345303073	-17.702449603873301
748	-8.378474064691355	-17.708101546637053
749	-8.383930745641333	-17.713753489400805
750	-8.389388383256094	-17.719405432164557
751	-8.394846972665455	-17.725057374928308
752	-8.400306509025809	-17.73070931769206
753	-8.405766987519952	-17.736361260455812
754	-8.41122840335693	-17.742013203219564
755	-8.416690751771874	-17.747665145983316
756	-8.422154028025847	-17.753317088747067
757	-8.427618227405683	-17.758969031510819
758	-8.433083345223825	-17.764620974274571
759	-8.43854937681818	-17.770272917038323
760	-8.444016317551961	-17.775924859802075
761	-8.44948416281353	-17.781576802565827
762	-8.454952908016248	-17.787228745329578
763	-8.460422548598327	-17.79288068809333
764	-8.465893080022676	-17.798532630857082
765	-8.471364497776754	-17.804184573620834
766	-8.476836797372423	-17.809836516384586
767	-8.482309974345798	-17.815488459148337
768	-8.487784024257103	-17.821140401912089
769	-8.493258942690529	-17.826792344675841
770	-8.498734725254085	-17.832444287439593
771	-8.504211367579458	-17.838096230203345
772	-8.509688865321872	-17.843748172967096
773	-8.515167214159945	-17.849400115730848
774	-8.52064640979555	-17.8550520584946
775	-8.526126447953677	-17.860704001258352
776	-8.531607324382296	-17.866355944022104
777	-8.537089034852215	-17.872007886785855
778	-8.54257157515695	-17.877659829549607
779	-8.548054941112586	-17.883311772313359
780	-8.553539128557643	-17.888963715077111
781	-8.559024133352949	-17.894615657840863
782	-8.564509951381496	-17.900267600604614
783	-8.569996578548318	-17.905919543368366
784	-8.575484010780359	-17.911571486132118
785	-8.58097224402634	-17.91722342889587
786	-8.586461274256632	-17.922875371659622
787	-8.591951097463129	-17.928527314423373
788	-8.597441709659122	-17.934179257187125
789	-8.602933106879171	-17.939831199950877
790	-8.608425285178976	-17.945483142714629
791	-8.613918240635261	-17.951135085478381
792	-8.619411969345643	-17.956787028242132
793	-8.624906467428517	-17.962438971005884
794	-8.630401731022921	-17.968090913769636
795	-8.635897756288431	-17.973742856533388
796	-8.641394539405029	-17.97939479929714
797	-8.646892076572987	-17.985046742060891
798	-8.652390364012753	-17.990698684824643
799	-8.657889397964823	-17.996350627588395
800	-8.663389174689634	-18.002002570352147
801	-8.668889690467442	-18.007654513115899
802	-8.674390941598208	-18.013306455879651
803	-8.679892924401486	-18.018958398643402
804	-8.685395635216301	-18.024610341407154
805	-8.690899070401043	-18.030262284170906
806	-8.696403226333357	-18.035914226934658
807	-8.701908099410021	-18.04156616969841
808	-8.707413686046845	-18.047218112462161
809	-8.712919982678553	-18.052870055225913
810	-8.718426985758681	-18.058521997989665
811	-8.723934691759462	-18.064173940753417
812	-8.729443097171721	-18.069825883517169
813	-8.734952198504768	-18.07547782628092
814	-8.740461992286289	-18.081129769044672
815	-8.74597247506224	-18.086781711808424
816	-8.751483643396746	-18.092433654572176
817	-8.756995493871994	-18.098085597335928
818	-8.762508023088126	-18.103737540099679
819	-8.768021227663141	-18.109389482863431
820	-8.773535104232788	-18.115041425627183
821	-8.779049649450471	-18.120693368390935
822	-8.784564859987135	-18.126345311154687
823	-8.790080732531182	-18.131997253918438
824	-8.795597263788357	-18.13764919668219
825	-8.801114450481659	-18.143301139445942
826	-8.806632289351235	-18.148953082209694
827	-8.812150777154285	-18.154605024973446
828	-8.817669910664966	-18.160256967737197
829	-8.823189686674295	-18.165908910500949
830	-8.828710101990051	-18.171560853264701
831	-8.834231153436681	-18.177212796028453
832	-8.839752837855206	-18.182864738792205
833	-8.845275152103126	-18.188516681555956
834	-8.850798093054323	-18.194168624319708
835	-8.856321657598974	-18.19982056708346
836	-8.861845842643458	-18.205472509847212
837	-8.86737064511026	-18.211124452610964
838	-8.87289606193788	-18.216776395374715
839	-8.878422090080749	-18.222428338138467
840	-8.88394872650913	-18.228080280902219
841	-8.889475968209039	-18.233732223665971
842	-8.895003812182143	-18.239384166429723
843	-8.900532255445684	-18.245036109193475
844	-8.906061295032385	-18.250688051957226
845	-8.911590927990364	-18.256339994720978
846	-8.917121151383046	-18.26199193748473
847	-8.922651962289082	-18.267643880248482
848	-8.928183357802256	-18.273295823012234
849	-8.933715335031405	-18.278947765775985
850	-8.939247891100333	-18.284599708539737
851	-8.94478102314773	-18.290251651303489
852	-8.950314728327085	-18.295903594067241
853	-8.955849003806602	-18.301555536830993
854	-8.961383846769124	-18.307207479594744
855	-8.966919254412044	-18.312859422358496
856	-8.972455223947229	-18.318511365122248
857	-8.977991752600936	-18.324163307886
858	-8.983528837613733	-18.329815250649752
859	-8.989066476240421	-18.335467193413503
860	-8.99460466574995	-18.341119136177255
861	-9.000143403425344	-18.346771078941007
862	-9.005682686563624	-18.352423021704759
863	-9.011222512475726	-18.358074964468511
864	-9.016762878486427	-18.363726907232262
865	-9.022303781934266	-18.369378849996014
866	-9.027845220171468	-18.375030792759766
867	-9.033387190563872	-18.380682735523518
868	-9.03892969049085	-18.38633467828727
869	-9.044472717345235	-18.391986621051021
870	-9.050016268533245	-18.397638563814773
871	-9.055560341474411	-18.403290506578525
872	-9.061104933601504	-18.408942449342277
873	-9.066650042360459	-18.414594392106029
874	-9.072195665210304	-18.42024633486978
875	-9.077741799623087	-18.425898277633532
876	-9.083288443083807	-18.431550220397284
877	-9.088835593090339	-18.437202163161036
878	-9.094383247153365	-18.442854105924788
879	-9.099931402796305	-18.448506048688539
880	-9.105480057555244	-18.454157991452291
881	-9.111029208978865	-18.459809934216043
882	-9.116578854628376	-18.465461876979795
883	-9.122128992077448	-18.471113819743547
884	-9.12767961891214	-18.476765762507299
885	-9.133230732730835	-18.48241770527105
886	-9.138782331144174	-18.488069648034802
887	-9.144334411774983	-18.493721590798554
888	-9.149886972258209	-18.499373533562306
889	-9.155440010240858	-18.505025476326058
890	-9.160993523381926	-18.510677419089809
891	-9.166547509352331	-18.516329361853561
892	-9.172101965834852	-18.521981304617313
893	-9.177656890524061	-18.527633247381065
894	-9.183212281126263	-18.533285190144817
895	-9.18876813535943	-18.538937132908568
896	-9.194324450953134	-18.54458907567232
897	-9.199881225648491	-18.550241018436072
898	-9.205438457198094	-18.555892961199824
899	-9.210996143365946	-18.561544903963576
900	-9.216554281927413	-18.567196846727327
901	-9.222112870669145	-18.572848789491079
902	-9.227671907389023	-18.578500732254831
903	-9.233231389896103	-18.584152675018583
904	-9.238791316010545	-18.589804617782335
905	-9.244351683563561	-18.595456560546086
906	-9.249912490397353	-18.601108503309838
907	-9.255473734365051	-18.60676044607359
908	-9.261035413330656	-18.612412388837342
909	-9.266597525168985	-18.618064331601094
910	-9.272160067765604	-18.623716274364845
911	-9.277723039016781	-18.629368217128597
912	-9.283286436829417	-18.635020159892349
913	-9.288850259120998	-18.640672102656101
914	-9.294414503819533	-18.646324045419853
915	-9.2999791688635	-18.651975988183604
916	-9.305544252201786	-18.657627930947356
917	-9.311109751793635	-18.663279873711108
918	-9.316675665608592	-18.66893181647486
919	-9.322241991626445	-18.674583759238612
920	-9.327808727837173	-18.680235702002363
921	-9.333375872240889	-18.685887644766115
922	-9.338943422847789	-18.691539587529867
923	-9.344511377678094	-18.697191530293619
924	-9.350079734762	-18.702843473057371
925	-9.35564849213962	-18.708495415821123
926	-9.361217647860938	-18.714147358584874
927	-9.366787199985749	-18.719799301348626
928	-9.372357146583612	-18.725451244112378
929	-9.377927485733792	-18.73110318687613
930	-9.383498215525218	-18.736755129639882
931	-9.389069334056421	-18.742407072403633
932	-9.394640839435487	-18.748059015167385
933	-9.40021272978001	-18.753710957931137
934	-9.405785003217037	-18.759362900694889
935	-9.411357657883016	-18.765014843458641
936	-9.416930691923749	-18.770666786222392
937	-9.422504103494346	-18.776318728986144
938	-9.428077890759166	-18.781970671749896
939	-9.433652051891778	-18.787622614513648
940	-9.439226585074906	-18.7932745572774
941	-9.444801488500378	-18.798926500041151
942	-9.450376760369089	-18.804578442804903
943	-9.455952398890942	-18.810230385568655
944	-9.461528402284802	-18.815882328332407
945	-9.467104768778457	-18.821534271096159
946	-9.472681496608557	-18.82718621385991
947	-9.478258584020578	-18.832838156623662
948	-9.483836029268774	-18.838490099387414
949	-9.489413830616128	-18.844142042151166
950	-9.494991986334302	-18.849793984914918
951	-9.5005704947036	-18.855445927678669
952	-9.506149354012919	-18.861097870442421
953	-9.511728562559702	-18.866749813206173
954	-9.51730811864989	-18.872401755969925
955	-9.522888020597888	-18.878053698733677
956	-9.528468266726508	-18.883705641497428
957	-9.534048855366933	-18.88935758426118
958	-9.539629784858672	-18.895009527024932
959	-9.545211053549512	-18.900661469788684
960	-9.550792659795476	-18.906313412552436
961	-9.556374601960785	-18.911965355316187
962	-9.56195687841781	-18.917617298079939
963	-9.567539487547029	-18.923269240843691
964	-9.573122427736983	-18.928921183607443
965	-9.578705697384244	-18.934573126371195
966	-9.584289294893358	-18.940225069134947
967	-9.589873218676814	-18.945877011898698
968	-9.595457467155002	-18.95152895466245
969	-9.601042038756162	-18.957180897426202
970	-9.606626931916356	-18.962832840189954
971	-9.612212145079418	-18.968484782953706
972	-9.617797676696917	-18.974136725717457
973	-9.623383525228114	-18.979788668481209
974	-9.628969689139927	-18.985440611244961
975	-9.634556166906886	-18.991092554008713
976	-9.640142957011097	-18.996744496772465
977	-9.645730057942199	-19.002396439536216
978	-9.651317468197327	-19.008048382299968
979	-9.656905186281071	-19.01370032506372
980	-9.66249321070544	-19.019352267827472
981	-9.668081539989824	-19.025004210591224
982	-9.673670172660954	-19.030656153354975
983	-9.679259107252857	-19.036308096118727
984	-9.684848342306832	-19.041960038882479
985	-9.690437876371401	-19.047611981646231
986	-9.696027708002278	-19.053263924409983
987	-9.701617835762326	-19.058915867173734
988	-9.707208258221526	-19.064567809937486
989	-9.712798973956934	-19.070219752701238
990	-9.718389981552651	-19.07587169546499
991	-9.723981279599782	-19.081523638228742
992	-9.729572866696399	-19.087175580992493
993	-9.735164741447509	-19.092827523756245
994	-9.740756902465014	-19.098479466519997
995	-9.746349348367678	-19.104131409283749
996	-9.75194207778109	-19.109783352047501
997	-9.75753508933763	-19.115435294811252
998	-9.763128381676434	-19.121087237575004
999	-9.768721953443359	-19.126739180338756
1000	-9.774315803290946	-19.132391123102508
1001	-9.779909929878388	-19.13804306586626
1002	-9.785504331871495	-19.143695008630012
1003	-9.791099007942661	-19.149346951393763
1004	-9.796693956770827	-19.154998894157515
1005	-9.802289177041452	-19.160650836921267
1006	-9.807884667446475	-19.166302779685019
1007	-9.813480426684283	-19.171954722448771
1008	-9.819076453459681	-19.177606665212522
1009	-9.824672746483854	-19.183258607976274
1010	-9.830269304474335	-19.188910550740026
1011	-9.835866126154977	-19.194562493503778
1012	-9.841463210255919	-19.20021443626753
1013	-9.847060555513545	-19.205866379031281
1014	-9.852658160670467	-19.211518321795033
1015	-9.85825602447548	-19.217170264558785
1016	-9.86385414568354	-19.222822207322537
1017	-9.869452523055722	-19.228474150086289
1018	-9.8750511553592	-19.23412609285004
1019	-9.880650041367208	-19.239778035613792
1020	-9.886249179859009	-19.245429978377544
1021	-9.891848569619871	-19.251081921141296
1022	-9.897448209441029	-19.256733863905048
1023	-9.903048098119658	-19.262385806668799
1024	-9.908648234458843	-19.268037749432551
1025	-9.914248617267544	-19.273689692196303
1026	-9.919849245360574	-19.279341634960055
1027	-9.925450117558562	-19.284993577723807
1028	-9.931051232687926	-19.290645520487558
1029	-9.936652589580845	-19.29629746325131
1030	-9.942254187075228	-19.301949406015062
1031	-9.947856024014683	-19.307601348778814
1032	-9.953458099248493	-19.313253291542566
1033	-9.959060411631581	-19.318905234306317
1034	-9.964662960024485	-19.324557177070069
1035	-9.97026574329333	-19.330209119833821
1036	-9.975868760309798	-19.335861062597573
1037	-9.981472009951098	-19.341513005361325
1038	-9.987075491099942	-19.347164948125076
1039	-9.992679202644513	-19.352816890888828
1040	-9.998283143478442	-19.35846883365258
1041	-10.003887312500773	-19.364120776416332
1042	-10.009491708615943	-19.369772719180084
1043	-10.015096330733751	-19.375424661943836
1044	-10.020701177769331	-19.381076604707587
1045	-10.026306248643124	-19.386728547471339
1046	-10.031911542280854	-19.392380490235091
1047	-10.037517057613499	-19.398032432998843
1048	-10.043122793577265	-19.403684375762595
1049	-10.048728749113558	-19.409336318526346
1050	-10.054334923168959	-19.414988261290098
1051	-10.059941314695202	-19.42064020405385
1052	-10.065547922649138	-19.426292146817602
1053	-10.07115474599272	-19.431944089581354
1054	-10.076761783692968	-19.437596032345105
1055	-10.082369034721948	-19.443247975108857
1056	-10.087976498056747	-19.448899917872609
1057	-10.093584172679448	-19.454551860636361
1058	-10.099192057577099	-19.460203803400113
1059	-10.104800151741696	-19.465855746163864
1060	-10.110408454170152	-19.471507688927616
1061	-10.116016963864276	-19.477159631691368
1062	-10.121625679830744	-19.48281157445512
1063	-10.127234601081081	-19.488463517218872
1064	-10.132843726631631	-19.494115459982623
1065	-10.138453055503533	-19.499767402746375
1066	-10.144062586722699	-19.505419345510127
1067	-10.149672319319791	-19.511071288273879
1068	-10.155282252330192	-19.516723231037631
1069	-10.160892384793987	-19.522375173801382
1070	-10.166502715755939	-19.528027116565134
1071	-10.172113244265462	-19.533679059328886
1072	-10.177723969376602	-19.539331002092638
1073	-10.183334890148011	-19.54498294485639
1074	-10.18894600564292	-19.550634887620141
1075	-10.19455731492913	-19.556286830383893
1076	-10.200168817078969	-19.561938773147645
1077	-10.205780511169287	-19.567590715911397
1078	-10.211392396281424	-19.573242658675149
1079	-10.217004471501186	-19.5788946014389
1080	-10.22261673591883	-19.584546544202652
1081	-10.228229188629038	-19.590198486966404
1082	-10.233841828730892	-19.595850429730156
1083	-10.239454655327854	-19.601502372493908
1084	-10.245067667527749	-19.60715431525766
1085	-10.250680864442733	-19.612806258021411
1086	-10.256294245189281	-19.618458200785163
1087	-10.261907808888159	-19.624110143548915
1088	-10.267521554664405	-19.629762086312667
1089	-10.27313548164731	-19.635414029076419
1090	-10.27874958897039	-19.64106597184017
1091	-10.284363875771371	-19.646717914603922
1092	-10.289978341192166	-19.652369857367674
1093	-10.295592984378855	-19.658021800131426
1094	-10.301207804481662	-19.663673742895178
1095	-10.306822800654935	-19.669325685658929
1096	-10.312437972057126	-19.674977628422681
1097	-10.318053317850771	-19.680629571186433
1098	-10.323668837202469	-19.686281513950185
1099	-10.329284529282861	-19.691933456713937
1100	-10.33490039326661	-19.697585399477688
1101	-10.340516428332384	-19.70323734224144
1102	-10.34613263366283	-19.708889285005192
1103	-10.35174900844456	-19.714541227768944
1104	-10.35736555186813	-19.720193170532696
1105	-10.362982263128014	-19.725845113296447
1106	-10.368599141422594	-19.731497056060199
1107	-10.374216185954136	-19.737148998823951
1108	-10.379833395928769	-19.742800941587703
1109	-10.385450770556469	-19.748452884351455
1110	-10.391068309051038	-19.754104827115206
1111	-10.396686010630084	-19.759756769878958
1112	-10.402303874515008	-19.76540871264271
1113	-10.407921899930976	-19.771060655406462
1114	-10.413540086106906	-19.776712598170214
1115	-10.419158432275449	-19.782364540933965
1116	-10.424776937672968	-19.788016483697717
1117	-10.430395601539525	-19.793668426461469
1118	-10.436014423118854	-19.799320369225221
1119	-10.441633401658351	-19.804972311988973
1120	-10.447252536409051	-19.810624254752724
1121	-10.452871826625612	-19.816276197516476
1122	-10.458491271566297	-19.821928140280228
1123	-10.464110870492954	-19.82758008304398
1124	-10.469730622670999	-19.833232025807732
1125	-10.475350527369404	-19.838883968571484
1126	-10.480970583860667	-19.844535911335235
1127	-10.486590791420808	-19.850187854098987
1128	-10.492211149329341	-19.855839796862739
1129	-10.497831656869266	-19.861491739626491
1130	-10.503452313327044	-19.867143682390243
1131	-10.50907311799258	-19.872795625153994
1132	-10.514694070159214	-19.878447567917746
1133	-10.520315169123696	-19.884099510681498
1134	-10.525936414186173	-19.88975145344525
1135	-10.531557804650168	-19.895403396209002
1136	-10.537179339822568	-19.901055338972753
1137	-10.542801019013607	-19.906707281736505
1138	-10.54842284153685	-19.912359224500257
1139	-10.554044806709166	-19.918011167264009
1140	-10.55966691385073	-19.923663110027761
1141	-10.565289162284992	-19.929315052791512
1142	-10.570911551338668	-19.934966995555264
1143	-10.576534080341718	-19.940618938319016
1144	-10.582156748627337	-19.946270881082768
1145	-10.587779555531936	-19.95192282384652
1146	-10.593402500395124	-19.957574766610271
1147	-10.599025582559694	-19.963226709374023
1148	-10.604648801371608	-19.968878652137775
1149	-10.610272156179981	-19.974530594901527
1150	-10.615895646337064	-19.980182537665279
1151	-10.621519271198231	-19.98583448042903
1152	-10.62714303012196	-19.991486423192782
1153	-10.632766922469823	-19.997138365956534
1154	-10.638390947606467	-20.002790308720286
1155	-10.644015104899598	-20.008442251484038
1156	-10.649639393719969	-20.014094194247789
1157	-10.655263813441362	-20.019746137011541
1158	-10.660888363440575	-20.025398079775293
1159	-10.666513043097408	-20.031050022539045
1160	-10.672137851794647	-20.036701965302797
1161	-10.677762788918047	-20.042353908066548
1162	-10.683387853856322	-20.0480058508303
1163	-10.689013046001127	-20.053657793594052
1164	-10.694638364747046	-20.059309736357804
1165	-10.700263809491574	-20.064961679121556
1166	-10.705889379635106	-20.070613621885308
1167	-10.711515074580923	-20.076265564649059
1168	-10.717140893735175	-20.081917507412811
1169	-10.722766836506869	-20.087569450176563
1170	-10.728392902307853	-20.093221392940315
1171	-10.734019090552806	-20.098873335704067
1172	-10.739645400659219	-20.104525278467818
1173	-10.745271832047386	-20.11017722123157
1174	-10.750898384140386	-20.115829163995322
1175	-10.756525056364074	-20.121481106759074
1176	-10.762151848147061	-20.127133049522826
1177	-10.767778758920707	-20.132784992286577
1178	-10.773405788119105	-20.138436935050329
1179	-10.779032935179062	-20.144088877814081
1180	-10.784660199540099	-20.149740820577833
1181	-10.790287580644424	-20.155392763341585
1182	-10.795915077936929	-20.161044706105336
1183	-10.801542690865167	-20.166696648869088
1184	-10.807170418879348	-20.17234859163284
1185	-10.812798261432322	-20.178000534396592
1186	-10.818426217979564	-20.183652477160344
1187	-10.824054287979168	-20.189304419924095
1188	-10.829682470891825	-20.194956362687847
1189	-10.835310766180818	-20.200608305451599
1190	-10.840939173312005	-20.206260248215351
1191	-10.84656769175381	-20.211912190979103
1192	-10.852196320977205	-20.217564133742854
1193	-10.857825060455703	-20.223216076506606
1194	-10.86345390966534	-20.228868019270358
1195	-10.869082868084671	-20.23451996203411
1196	-10.87471193519475	-20.240171904797862
1197	-10.880341110479119	-20.245823847561613
1198	-10.885970393423801	-20.251475790325365
1199	-10.891599783517281	-20.257127733089117
1200	-10.897229280250498	-20.262779675852869
1201	-10.902858883116833	-20.268431618616621
1202	-10.908488591612095	-20.274083561380372
1203	-10.914118405234511	-20.279735504144124
1204	-10.919748323484715	-20.285387446907876
1205	-10.925378345865731	-20.291039389671628
1206	-10.93100847188297	-20.29669133243538
1207	-10.93663870104421	-20.302343275199132
1208	-10.942269032859588	-20.307995217962883
1209	-10.947899466841591	-20.313647160726635
1210	-10.95353000250504	-20.319299103490387
1211	-10.959160639367083	-20.324951046254139
1212	-10.964791376947177	-20.330602989017891
1213	-10.970422214767085	-20.336254931781642
1214	-10.976053152350859	-20.341906874545394
1215	-10.981684189224831	-20.347558817309146
1216	-10.987315324917601	-20.353210760072898
1217	-10.992946558960028	-20.35886270283665
1218	-10.998577890885215	-20.364514645600401
1219	-11.004209320228505	-20.370166588364153
1220	-11.00984084652746	-20.375818531127905
1221	-11.01547246932186	-20.381470473891657
1222	-11.021104188153686	-20.387122416655409
1223	-11.026736002567112	-20.39277435941916
1224	-11.032367912108494	-20.398426302182912
1225	-11.03799991632636	-20.404078244946664
1226	-11.043632014771395	-20.409730187710416
1227	-11.049264206996439	-20.415382130474168
1228	-11.054896492556466	-20.421034073237919
1229	-11.060528871008586	-20.426686016001671
1230	-11.06616134191202	-20.432337958765423
1231	-11.071793904828104	-20.437989901529175
1232	-11.077426559320267	-20.443641844292927
1233	-11.08305930495403	-20.449293787056678
1234	-11.088692141296992	-20.45494572982043
1235	-11.094325067918815	-20.460597672584182
1236	-11.099958084391224	-20.466249615347934
1237	-11.10559119028799	-20.471901558111686
1238	-11.111224385184922	-20.477553500875437
1239	-11.116857668659856	-20.483205443639189
1240	-11.122491040292648	-20.488857386402941
1241	-11.128124499665159	-20.494509329166693
1242	-11.133758046361253	-20.500161271930445
1243	-11.13939167996678	-20.505813214694196
1244	-11.145025400069567	-20.511465157457948
1245	-11.150659206259418	-20.5171171002217
1246	-11.156293098128089	-20.522769042985452
1247	-11.16192707526929	-20.528420985749204
1248	-11.167561137278673	-20.534072928512956
1249	-11.173195283753822	-20.539724871276707
1250	-11.178829514294241	-20.545376814040459
1251	-11.184463828501348	-20.551028756804211
1252	-11.190098225978465	-20.556680699567963
1253	-11.195732706330809	-20.562332642331715
1254	-11.20136726916548	-20.567984585095466
1255	-11.207001914091459	-20.573636527859218
1256	-11.212636640719587	-20.57928847062297
1257	-11.218271448662572	-20.584940413386722
1258	-11.223906337534963	-20.590592356150474
1259	-11.229541306953152	-20.596244298914225
1260	-11.235176356535364	-20.601896241677977
1261	-11.240811485901645	-20.607548184441729
1262	-11.246446694673853	-20.613200127205481
1263	-11.252081982475655	-20.618852069969233
1264	-11.257717348932509	-20.624504012732984
1265	-11.263352793671663	-20.630155955496736
1266	-11.268988316322144	-20.635807898260488
1267	-11.274623916514747	-20.64145984102424
1268	-11.280259593882031	-20.647111783787992
1269	-11.285895348058308	-20.652763726551743
1270	-11.291531178679632	-20.658415669315495
1271	-11.297167085383796	-20.664067612079247
1272	-11.302803067810318	-20.669719554842999
1273	-11.308439125600437	-20.675371497606751
1274	-11.314075258397102	-20.681023440370502
1275	-11.319711465844968	-20.686675383134254
1276	-11.32534774759038	-20.692327325898006
1277	-11.330984103281372	-20.697979268661758
1278	-11.336620532567656	-20.70363121142551
1279	-11.342257035100614	-20.709283154189261
1280	-11.347893610533291	-20.714935096953013
1281	-11.353530258520383	-20.720587039716765
1282	-11.359166978718234	-20.726238982480517
1283	-11.364803770784826	-20.731890925244269
1284	-11.370440634379774	-20.73754286800802
1285	-11.376077569164311	-20.743194810771772
1286	-11.381714574801286	-20.748846753535524
1287	-11.387351650955157	-20.754498696299276
1288	-11.392988797291977	-20.760150639063028
1289	-11.398626013479392	-20.76580258182678
1290	-11.404263299186633	-20.771454524590531
1291	-11.409900654084504	-20.777106467354283
1292	-11.415538077845381	-20.782758410118035
1293	-11.421175570143198	-20.788410352881787
1294	-11.426813130653443	-20.794062295645539
1295	-11.432450759053149	-20.79971423840929
1296	-11.438088455020889	-20.805366181173042
1297	-11.443726218236767	-20.811018123936794
1298	-11.449364048382408	-20.816670066700546
1299	-11.455001945140957	-20.822322009464298
1300	-11.460639908197065	-20.827973952228049
1301	-11.466277937236883	-20.833625894991801
1302	-11.471916031948062	-20.839277837755553
1303	-11.477554192019737	-20.844929780519305
1304	-11.48319241714252	-20.850581723283057
1305	-11.488830707008502	-20.856233666046808
1306	-11.494469061311234	-20.86188560881056
1307	-11.500107479745729	-20.867537551574312
1308	-11.505745962008453	-20.873189494338064
1309	-11.511384507797313	-20.878841437101816
1310	-11.517023116811657	-20.884493379865567
1311	-11.522661788752261	-20.890145322629319
1312	-11.528300523321327	-20.895797265393071
1313	-11.533939320222476	-20.901449208156823
1314	-11.539578179160735	-20.907101150920575
1315	-11.545217099842537	-20.912753093684326
1316	-11.550856081975711	-20.918405036448078
1317	-11.556495125269477	-20.92405697921183
1318	-11.562134229434436	-20.929708921975582
1319	-11.56777339418257	-20.935360864739334
1320	-11.573412619227227	-20.941012807503085
1321	-11.579051904283121	-20.946664750266837
1322	-11.584691249066323	-20.952316693030589
1323	-11.59033065329425	-20.957968635794341
1324	-11.59597011668567	-20.963620578558093
1325	-11.601609638960685	-20.969272521321844
1326	-11.607249219840726	-20.974924464085596
1327	-11.612888859048553	-20.980576406849348
1328	-11.618528556308242	-20.9862283496131
1329	-11.624168311345178	-20.991880292376852
1330	-11.629808123886058	-20.997532235140604
1331	-11.635447993658874	-21.003184177904355
1332	-11.641087920392913	-21.008836120668107
1333	-11.646727903818748	-21.014488063431859
1334	-11.652367943668233	-21.020140006195611
1335	-11.658008039674497	-21.025791948959363
1336	-11.663648191571939	-21.031443891723114
1337	-11.669288399096216	-21.037095834486866
1338	-11.674928661984245	-21.042747777250618
1339	-11.680568979974192	-21.04839972001437
1340	-11.686209352805468	-21.054051662778122
1341	-11.691849780218725	-21.059703605541873
1342	-11.69749026195584	-21.065355548305625
1343	-11.703130797759924	-21.071007491069377
1344	-11.708771387375304	-21.076659433833129
1345	-11.714412030547525	-21.082311376596881
1346	-11.720052727023338	-21.087963319360632
1347	-11.725693476550701	-21.093615262124384
1348	-11.731334278878764	-21.099267204888136
1349	-11.736975133757875	-21.104919147651888
1350	-11.742616040939563	-21.11057109041564
1351	-11.748257000176537	-21.116223033179391
1352	-11.753898011222685	-21.121874975943143
1353	-11.759539073833059	-21.127526918706895
1354	-11.765180187763878	-21.133178861470647
1355	-11.770821352772519	-21.138830804234399
1356	-11.776462568617507	-21.14448274699815
1357	-11.782103835058519	-21.150134689761902
1358	-11.78774515185637	-21.155786632525654
1359	-11.79338651877301	-21.161438575289406
1360	-11.799027935571521	-21.167090518053158
1361	-11.804669402016112	-21.172742460816909
1362	-11.810310917872107	-21.178394403580661
1363	-11.815952482905946	-21.184046346344413
1364	-11.821594096885178	-21.189698289108165
1365	-11.827235759578457	-21.195350231871917
1366	-11.832877470755534	-21.201002174635668
1367	-11.838519230187252	-21.20665411739942
1368	-11.844161037645543	-21.212306060163172
1369	-11.849802892903421	-21.217958002926924
1370	-11.855444795734975	-21.223609945690676
1371	-11.861086745915372	-21.229261888454428
1372	-11.866728743220841	-21.234913831218179
1373	-11.872370787428675	-21.240565773981931
1374	-11.878012878317223	-21.246217716745683
1375	-11.883655015665887	-21.251869659509435
1376	-11.889297199255115	-21.257521602273187
1377	-11.894939428866394	-21.263173545036938
1378	-11.900581704282255	-21.26882548780069
1379	-11.906224025286253	-21.274477430564442
1380	-11.911866391662976	-21.280129373328194
1381	-11.917508803198029	-21.285781316091946
1382	-11.923151259678036	-21.291433258855697
1383	-11.928793760890636	-21.297085201619449
1384	-11.934436306624473	-21.302737144383201
1385	-11.940078896669192	-21.308389087146953
1386	-11.945721530815437	-21.314041029910705
1387	-11.951364208854846	-21.319692972674456
1388	-11.957006930580047	-21.325344915438208
1389	-11.962649695784645	-21.33099685820196
1390	-11.96829250426323	-21.336648800965712
1391	-11.973935355811365	-21.342300743729464
1392	-11.979578250225583	-21.347952686493215
1393	-11.985221187303377	-21.353604629256967
1394	-11.990864166843206	-21.359256572020719
1395	-11.996507188644483	-21.364908514784471
1396	-12.002150252507569	-21.370560457548223
1397	-12.007793358233776	-21.376212400311974
1398	-12.013436505625357	-21.381864343075726
1399	-12.019079694485502	-21.387516285839478
1400	-12.024722924618333	-21.39316822860323
1401	-12.030366195828901	-21.398820171366982
1402	-12.036009507923183	-21.404472114130733
1403	-12.041652860708073	-21.410124056894485
1404	-12.047296253991384	-21.415775999658237
1405	-12.052939687581835	-21.421427942421989
1406	-12.058583161289057	-21.427079885185741
1407	-12.06422667492358	-21.432731827949492
1408	-12.069870228296832	-21.438383770713244
1409	-12.075513821221136	-21.444035713476996
1410	-12.081157453509705	-21.449687656240748
1411	-12.086801124976637	-21.4553395990045
1412	-12.092444835436908	-21.460991541768252
1413	-12.098088584706375	-21.466643484532003
1414	-12.103732372601765	-21.472295427295755
1415	-12.109376198940675	-21.477947370059507
1416	-12.115020063541564	-21.483599312823259
1417	-12.120663966223754	-21.489251255587011
1418	-12.126307906807421	-21.494903198350762
1419	-12.131951885113594	-21.500555141114514
1420	-12.137595900964149	-21.506207083878266
1421	-12.143239954181807	-21.511859026642018
1422	-12.14888404459013	-21.51751096940577
1423	-12.154528172013512	-21.523162912169521
1424	-12.160172336277183	-21.528814854933273
1425	-12.165816537207199	-21.534466797697025
1426	-12.17146077463044	-21.540118740460777
1427	-12.177105048374605	-21.545770683224529
1428	-12.182749358268211	-21.55142262598828
1429	-12.188393704140587	-21.557074568752032
1430	-12.19403808582187	-21.562726511515784
1431	-12.199682503142999	-21.568378454279536
1432	-12.205326955935718	-21.574030397043288
1433	-12.210971444032566	-21.579682339807039
1434	-12.216615967266874	-21.585334282570791
1435	-12.222260525472764	-21.590986225334543
1436	-12.227905118485143	-21.596638168098295
1437	-12.233549746139699	-21.602290110862047
1438	-12.239194408272899	-21.607942053625798
1439	-12.244839104721985	-21.61359399638955
1440	-12.250483835324966	-21.619245939153302
1441	-12.256128599920622	-21.624897881917054
1442	-12.261773398348495	-21.630549824680806
1443	-12.267418230448886	-21.636201767444557
1444	-12.273063096062854	-21.641853710208309
1445	-12.278707995032208	-21.647505652972061
1446	-12.284352927199508	-21.653157595735813
1447	-12.289997892408058	-21.658809538499565
1448	-12.295642890501904	-21.664461481263317
1449	-12.30128792132583	-21.670113424027068
1450	-12.306932984725357	-21.67576536679082
1451	-12.312578080546734	-21.681417309554572
1452	-12.31822320863694	-21.687069252318324
1453	-12.323868368843677	-21.692721195082076
1454	-12.329513561015368	-21.698373137845827
1455	-12.335158785001154	-21.704025080609579
1456	-12.340804040650889	-21.709677023373331
1457	-12.34644932781514	-21.715328966137083
1458	-12.352094646345179	-21.720980908900835
1459	-12.357739996092983	-21.726632851664586
1460	-12.363385376911227	-21.732284794428338
1461	-12.369030788653285	-21.73793673719209
1462	-12.374676231173227	-21.743588679955842
1463	-12.38032170432581	-21.749240622719594
1464	-12.385967207966482	-21.754892565483345
1465	-12.39161274195137	-21.760544508247097
1466	-12.397258306137285	-21.766196451010849
1467	-12.402903900381716	-21.771848393774601
1468	-12.408549524542826	-21.777500336538353
1469	-12.414195178479448	-21.783152279302104
1470	-12.41984086205108	-21.788804222065856
1471	-12.425486575117892	-21.794456164829608
1472	-12.43113231754071	-21.80010810759336
1473	-12.436778089181018	-21.805760050357112
1474	-12.44242388990096	-21.811411993120863
1475	-12.448069719563328	-21.817063935884615
1476	-12.453715578031565	-21.822715878648367
1477	-12.459361465169758	-21.828367821412119
1478	-12.465007380842641	-21.834019764175871
1479	-12.470653324915583	-21.839671706939622
1480	-12.476299297254592	-21.845323649703374
1481	-12.481945297726309	-21.850975592467126
1482	-12.487591326198007	-21.856627535230878
1483	-12.493237382537586	-21.86227947799463
1484	-12.49888346661357	-21.867931420758381
1485	-12.504529578295108	-21.873583363522133
1486	-12.510175717451963	-21.879235306285885
1487	-12.515821883954519	-21.884887249049637
1488	-12.521468077673768	-21.890539191813389
1489	-12.527114298481317	-21.896191134577141
1490	-12.532760546249376	-21.901843077340892
1491	-12.538406820850762	-21.907495020104644
1492	-12.544053122158891	-21.913146962868396
1493	-12.549699450047779	-21.918798905632148
1494	-12.555345804392038	-21.9244508483959
1495	-12.560992185066874	-21.930102791159651
1496	-12.566638591948081	-21.935754733923403
1497	-12.572285024912039	-21.941406676687155
1498	-12.577931483835716	-21.947058619450907
1499	-12.583577968596659	-21.952710562214659
1500	-12.589224479072996	-21.95836250497841
