513
2544
168
153
231
258
156
180
246
126
144
168
285
216
141
204
213
273
159
138
174
471
846
285
282
1488
1026
297
660
141
162
195
294
258
96
555
630
375
81
153
1230
444
234
105
648
1200
321
555
210
297
237
384
1170
288
336
240
939
333
375
186
117
144
108
996
345
129
144
1284
198
120
201
126
129
300
309
183
168
147
135
171
255
321
153
258
141
318
258
462
312
162
282
129
162
249
231
339
1065
357
264
1188
87
72
231
288
360
531
300
204
108
1407
120
147
69
138
186
174
318
96
165
342
333
111
174
648
546
1974
501
513
168
234
153
849
267
129
264
150
216
90
198
213
204
213
1005
150
318
162
234
102
147
132
216
2364
99
633
231
189
324
183
276
99
81
318
894
252
117
135
273
213
225
147
120
117
2919
138
201
309
369
207
690
132
219
177
141
228
213
240
279
291
402
168
114
165
174
360
453
735
579
111
249
192
93
249
102
285
243
129
189
174
324
222
267
135
114
408
351
144
756
234
186
150
273
258
102
165
1116
222
258
390
246
195
243
228
321
306
147
144
318
285
651
393
222
456
1455
258
222
411
159
522
183
144
126
153
174
276
429
300
291
159
282
234
114
402
117
186
195
267
423
225
1122
108
189
1869
147
120
195
327
228
138
144
651
192
165
135
474
219
162
513
177
177
144
150
1089
354
204
402
249
660
126
303
222
279
123
144
144
459
156
102
204
294
120
201
276
417
192
237
417
225
1167
168
312
111
660
177
138
96
144
537
294
120
237
231
267
231
1308
351
225
300
348
348
159
258
1116
84
162
264
165
1479
165
285
192
123
249
258
210
948
267
120
210
165
303
516
162
117
159
243
207
258
507
426
138
168
1212
489
192
162
240
141
402
180
129
249
300
2715
846
189
132
399
306
252
162
180
1155
204
231
246
180
273
108
177
108
153
624
156
1110
150
225
249
165
186
273
213
162
360
1395
108
243
954
408
243
138
1404
150
255
153
219
210
267
219
216
876
114
246
159
336
246
174
2598
252
147
144
117
840
204
270
135
846
1929
1290
192
153
129
117
174
168
246
1500
93
174
192
165
888
159
159
96
141
2811
243
423
129
297
390
327
465
207
888
99
249
393
489
348
390
810
459
324
225
165
186
885
168
96
174
189
270
282
279
156
174
162
2421
195
903
168
240
150
153
174
438
165
405
153
180
210
258
255
690
240
186
204
117
957
198
267
177
117
99
219
162
1260
147
108
174
240
468
837
189
759
270
345
183
204
354
378
183
180
210
339
240
141
471
78
192
93
819
294
165
2499
237
315
132
204
210
225
231
2586
249
123
78
513
378
216
399
2403
687
141
372
159
153
912
114
315
237
525
2001
342
228
342
195
315
408
120
219
210
108
231
270
303
1440
144
381
273
189
99
627
291
831
258
177
336
225
189
225
234
147
861
228
102
315
1221
231
213
156
180
855
81
249
213
177
150
222
129
186
228
186
204
120
276
117
204
249
117
186
216
186
282
276
339
165
234
165
228
111
186
201
105
885
150
255
162
129
165
744
114
198
234
582
231
222
231
186
216
126
156
795
375
135
132
126
111
111
153
135
1497
141
171
159
381
309
282
147
144
594
2451
189
489
162
273
156
246
399
132
156
108
171
102
135
234
639
237
111
123
231
129
258
444
792
291
99
420
399
150
147
141
198
165
126
630
156
276
255
531
195
3501
195
183
153
174
135
144
369
210
207
96
114
111
135
135
123
231
195
135
144
204
123
2181
918
93
321
168
363
144
189
123
213
267
225
117
306
339
468
192
321
183
93
129
204
168
258
141
228
198
414
819
153
264
132
309
672
1056
315
369
309
120
132
219
231
96
102
123
162
132
189
213
177
195
78
285
117
177
120
123
192
144
165
150
210
150
201
96
90
147
78
174
99
72
135
225
321
117
288
162
81
102
87
66
108
333
243
105
117
180
267
111
168
99
456
153
105
186
99
378
123
192
87
228
147
219
192
75
180
963
132
216
882
159
627
300
156
174
144
153
147
87
159
141
198
156
135
198
303
603
123
228
84
117
513
105
174
369
66
456
243
396
762
141
132
162
198
141
222
216
225
138
198
108
753
558
198
297
186
78
186
108
171
765
372
1812
240
363
363
183
171
321
474
138
111
144
198
207
162
297
183
1275
204
141
273
264
336
1074
243
480
306
507
282
414
384
1284
396
120
492
189
501
1428
516
912
1098
774
183
384
351
936
1413
189
783
354
1050
207
156
261
651
1365
738
1755
225
1524
276
114
2058
228
306
972
297
915
1926
258
117
84
279
93
1002
858
237
249
360
174
207
192
210
135
426
222
168
219
1299
198
219
162
1140
876
219
207
117
174
780
474
243
216
1116
123
303
117
192
246
165
177
1248
207
114
306
423
105
1107
237
219
219
1545
396
246
342
1116
597
201
999
384
426
204
1578
3318
348
114
264
213
204
1314
252
165
168
738
183
270
138
357
327
201
228
240
288
213
81
165
303
102
255
216
210
216
132
123
240
114
183
111
1080
453
171
168
267
249
456
1143
288
168
189
111
192
366
189
126
231
285
324
114
276
402
201
1026
135
255
168
354
942
636
159
204
165
486
417
138
1107
420
105
114
303
186
204
1017
225
192
234
1113
243
1887
363
408
318
87
270
99
264
177
135
477
225
258
126
225
291
237
153
279
294
192
435
1122
87
354
642
147
666
135
1572
195
201
186
288
1011
594
135
204
195
111
141
165
258
234
216
231
2013
312
222
237
339
957
126
132
144
129
210
147
606
741
84
366
159
1308
147
297
117
267
120
81
387
171
426
174
99
207
90
189
1392
162
153
96
279
132
186
339
279
159
138
183
294
258
249
1908
879
126
138
504
228
189
132
360
246
843
351
228
90
1896
279
414
150
174
357
198
111
1920
123
717
171
204
1470
159
408
189
96
159
207
501
219
276
543
183
225
573
159
411
153
213
141
126
516
246
621
465
294
3153
369
120
141
114
237
180
420
897
183
159
249
303
198
585
189
333
180
150
291
1233
216
669
546
108
249
201
153
252
213
252
303
183
360
405
372
267
282
144
144
1962
234
321
318
246
384
132
588
210
381
345
114
618
324
144
153
1881
309
1611
306
135
234
75
393
153
99
972
390
513
207
174
318
447
96
312
225
150
1674
297
99
255
321
204
324
495
135
816
357
708
267
390
210
435
279
501
312
135
939
435
279
171
948
147
243
159
183
270
162
915
303
225
249
354
219
168
231
228
396
462
114
186
156
111
438
123
129
1455
123
387
240
192
252
150
399
102
846
99
171
192
147
216
525
204
114
117
210
1398
678
453
285
573
267
312
465
465
597
771
2634
159
132
279
717
447
606
180
891
531
1485
1239
192
3147
297
144
1416
189
324
144
141
150
102
198
171
501
138
165
354
129
468
246
393
393
90
168
96
138
291
285
993
399
120
108
1008
183
234
249
261
1266
960
189
111
141
108
594
336
339
2151
744
66
285
252
258
198
162
357
129
378
1101
210
243
114
168
231
222
183
822
654
564
162
129
1029
96
129
1257
504
492
186
846
1506
195
297
228
99
153
1152
1164
330
300
582
1281
306
147
117
105
291
609
159
162
123
396
624
234
243
204
132
243
213
141
171
687
252
201
207
285
129
297
102
162
402
150
156
423
102
285
186
201
225
144
246
471
378
336
102
657
1338
198
153
99
345
327
2790
387
255
228
165
795
405
84
195
99
204
219
105
90
216
156
183
207
1053
159
606
303
120
150
747
333
237
180
186
117
78
180
144
573
183
1563
348
165
300
171
231
93
105
165
438
114
357
174
606
192
120
192
318
174
159
255
204
951
180
171
111
270
144
210
210
387
108
210
75
723
150
186
75
108
240
255
273
153
102
132
333
228
399
222
123
147
231
174
177
324
219
756
204
171
204
606
84
282
177
432
555
120
213
354
291
213
258
156
1968
144
1176
252
87
342
336
1743
159
786
231
105
132
147
201
369
198
144
1410
219
210
147
720
426
474
99
177
741
393
96
216
348
171
198
141
1770
126
189
306
474
219
273
135
1353
117
210
159
225
186
2202
357
114
264
195
123
138
84
171
300
270
141
138
2775
183
192
114
402
369
606
612
2058
264
324
243
198
624
1884
588
258
222
228
330
273
213
270
132
777
447
180
672
120
219
1005
120
204
216
84
177
114
300
816
2574
567
630
258
210
183
159
87
378
123
129
141
177
411
120
339
117
243
297
123
285
159
159
666
195
141
111
225
159
192
168
234
2508
273
183
234
198
180
375
234
1362
219
252
918
426
201
129
231
123
144
423
276
345
747
165
252
129
183
984
150
390
411
171
1320
126
1155
249
135
153
90
348
246
333
261
453
264
147
195
771
450
324
78
171
1293
357
1341
381
276
102
228
126
192
636
240
261
150
174
114
168
270
237
192
105
138
174
168
291
105
171
72
102
78
210
150
255
444
1080
441
483
237
351
96
126
132
720
1056
303
279
249
165
1092
120
849
168
183
102
339
147
207
123
252
810
141
165
228
234
150
246
204
162
237
297
189
384
189
339
120
210
156
705
933
228
174
1038
462
87
147
201
1434
219
183
1341
195
573
1410
294
198
297
1125
540
186
81
135
261
315
276
1293
135
810
186
684
114
240
174
2076
321
135
219
189
432
210
207
141
228
162
165
162
141
261
219
522
255
264
150
105
309
258
102
240
189
123
195
189
1026
168
219
129
141
234
93
354
177
198
90
480
1161
177
570
192
141
252
456
366
315
177
258
330
402
141
1080
234
534
246
210
1404
507
228
201
213
312
2403
282
270
168
327
384
231
198
180
612
537
321
447
1065
291
573
360
318
114
216
900
300
249
690
117
207
186
282
270
519
762
129
195
243
504
648
219
102
534
168
495
120
213
93
480
153
1170
984
123
246
171
141
1629
1071
189
171
258
282
279
288
159
1278
471
927
201
444
177
150
249
396
702
357
141
234
948
147
102
267
129
741
234
771
375
177
150
147
303
978
150
1992
177
309
192
1821
117
216
231
282
192
378
159
255
111
174
252
306
156
510
474
141
249
117
687
1224
150
141
249
126
147
132
246
108
1266
249
261
129
204
255
186
189
207
261
603
177
123
1749
117
186
291
543
168
156
156
180
420
336
96
297
318
963
144
564
264
276
243
132
189
165
300
429
414
213
111
192
111
162
255
150
276
207
327
132
291
486
249
195
516
123
225
267
414
231
240
114
456
267
297
222
321
723
156
192
132
174
129
687
834
249
351
294
348
180
141
330
111
1038
183
180
234
321
249
456
117
147
153
150
96
252
195
252
1011
1704
225
144
156
153
141
186
201
168
189
450
1179
1158
102
363
2070
357
189
138
123
168
162
2295
171
669
114
153
276
99
162
156
525
519
186
165
198
357
219
243
174
156
108
201
900
168
135
1722
405
282
135
348
276
279
249
507
96
462
297
138
105
144
288
189
195
225
138
363
492
294
144
462
81
1344
372
204
159
174
270
510
591
144
210
234
411
240
99
165
2451
135
195
129
141
957
264
120
534
147
2262
2298
237
435
156
141
117
120
168
105
102
135
291
1851
207
147
555
189
162
168
168
108
732
1125
132
123
213
105
126
1296
192
156
438
228
135
174
222
813
177
273
510
111
141
234
1689
1680
201
147
177
129
159
300
240
2355
1749
360
132
180
105
663
180
180
225
222
204
291
807
387
288
894
282
837
384
150
228
141
360
282
240
120
222
231
216
72
159
87
123
138
4569
678
480
420
198
402
135
168
249
246
261
162
552
156
147
660
438
1890
195
393
132
210
261
573
105
663
321
192
447
126
192
228
366
183
87
273
207
138
126
243
69
402
201
132
234
171
96
162
141
339
318
366
186
219
156
330
297
165
195
114
192
1002
144
228
216
351
276
213
186
384
186
861
117
270
147
114
573
414
216
1032
630
714
738
267
324
144
300
138
606
180
294
144
2124
162
579
285
162
183
264
210
120
267
207
126
309
297
261
153
177
168
267
303
1263
168
99
93
783
258
162
198
135
150
123
162
231
180
162
1773
135
285
294
243
243
270
531
666
2172
315
375
192
282
291
282
318
528
165
198
222
180
156
237
213
270
483
336
294
414
375
159
120
114
129
141
534
180
132
306
120
171
204
1614
210
201
189
273
1386
2187
210
477
1185
189
129
162
2145
189
756
204
225
2589
222
567
333
1269
165
423
279
150
198
621
168
588
600
537
933
150
213
4044
171
207
195
285
216
582
417
168
174
123
204
276
159
507
363
273
246
153
204
174
165
438
198
168
396
150
285
309
858
1143
366
456
216
222
276
1485
312
255
90
984
228
171
126
156
135
558
90
921
441
543
186
336
1647
168
246
279
312
2574
312
279
537
96
210
183
111
243
111
273
273
525
1284
360
195
1077
168
405
345
117
486
396
225
189
174
399
243
1053
309
258
129
207
711
234
141
216
225
141
252
243
243
165
411
294
1623
318
240
147
201
189
243
99
249
171
255
117
369
462
180
216
186
192
240
495
318
237
165
99
264
372
717
660
147
180
1125
99
198
141
258
582
240
453
480
114
147
114
249
138
138
138
162
153
195
120
132
123
225
120
153
246
198
96
534
117
165
186
126
441
330
975
246
249
183
945
231
171
189
186
747
138
159
234
282
312
327
57
1272
90
252
120
168
165
327
291
438
213
123
177
339
1038
501
108
144
543
393
159
912
114
222
171
105
342
1467
312
393
399
1353
156
186
129
864
351
138
240
150
648
129
273
717
258
195
330
246
189
300
129
231
300
987
108
483
3519
198
222
528
507
234
423
516
249
354
252
120
288
90
291
90
228
234
444
318
192
123
120
258
189
351
279
297
255
1014
159
351
123
399
225
258
111
213
318
180
192
102
138
381
300
129
141
483
132
270
201
504
444
237
1155
138
135
186
186
171
120
162
738
123
138
195
1374
114
201
84
150
285
660
147
276
246
411
150
471
207
189
1206
135
153
258
237
120
141
132
747
1305
222
297
234
825
168
246
186
711
279
336
213
225
675
201
207
555
186
96
447
1326
327
576
465
1599
120
165
243
81
462
228
282
1575
180
270
78
297
192
189
183
201
231
141
1080
297
258
405
102
465
312
294
975
318
726
777
282
1701
201
216
93
1470
1110
546
192
210
318
834
327
147
213
1704
594
219
156
1098
342
219
126
255
141
945
81
249
699
279
351
195
120
471
204
294
294
237
357
411
1122
246
267
183
249
1251
225
333
219
300
108
201
243
228
171
246
1434
138
186
780
165
216
1818
300
216
156
252
1461
171
153
153
471
3792
153
159
216
171
216
93
138
147
414
126
195
171
144
207
210
105
204
330
369
414
111
1560
234
258
279
681
387
156
93
207
801
396
762
147
162
114
123
885
213
78
513
204
177
402
1038
909
255
123
264
339
336
96
168
135
582
2712
135
138
120
1818
165
315
108
195
444
321
330
90
126
471
168
963
174
168
150
1032
144
216
102
225
183
297
237
267
183
258
1023
117
225
177
132
135
1464
168
231
330
396
177
120
309
234
840
423
93
96
771
378
219
897
183
129
150
231
165
216
108
1362
171
108
261
1692
198
189
195
117
138
252
225
150
150
210
315
171
1572
591
114
261
237
126
921
120
180
279
672
171
183
942
225
183
204
171
99
204
402
768
120
168
201
309
144
225
2697
177
153
423
225
321
168
243
150
156
144
273
171
300
261
114
168
504
174
150
231
195
234
150
177
159
132
171
177
186
240
228
351
252
219
264
186
231
306
168
147
135
408
222
654
162
174
123
150
156
264
339
1176
129
231
819
255
165
285
213
315
2082
402
222
147
204
498
90
198
123
294
786
846
111
192
162
99
279
825
207
174
204
183
267
207
180
141
378
225
354
246
321
504
201
234
189
336
507
111
225
153
195
120
204
252
345
225
1509
213
357
1269
210
291
1014
75
348
171
303
216
210
213
216
390
1740
1083
1065
708
216
240
168
183
252
159
96
285
1068
198
261
180
1569
132
234
384
522
123
228
150
243
258
810
117
1665
522
129
399
198
138
1092
222
201
204
510
816
186
147
96
318
159
627
141
1335
168
147
108
144
198
390
246
165
306
315
228
144
1476
1155
210
3534
246
507
147
300
561
126
186
285
147
177
186
282
216
210
306
315
474
195
417
999
258
348
840
1380
684
747
279
615
339
144
276
255
216
132
177
138
252
261
183
168
744
810
1485
636
150
129
1680
405
261
450
1194
168
1362
162
1725
489
99
255
129
1131
87
336
117
228
705
1497
375
576
2034
222
1443
489
141
1155
285
465
267
237
1098
165
213
183
870
729
471
750
510
1578
672
153
222
102
3807
186
222
246
105
99
273
279
102
105
300
81
150
93
513
237
951
180
279
237
231
1611
258
231
375
150
180
249
162
228
114
786
207
180
243
348
228
180
222
177
492
150
246
231
186
150
462
363
339
927
273
336
1032
2424
153
2280
183
516
1629
987
1605
351
1047
978
1473
201
414
237
930
333
273
1458
192
198
219
423
312
261
456
468
939
948
2148
501
96
774
234
708
399
198
225
234
1287
198
234
222
174
135
111
153
189
174
345
213
345
570
765
204
132
162
630
2430
114
252
126
204
288
1323
174
249
1299
180
150
285
228
336
270
219
873
219
357
138
237
171
183
1146
219
492
435
309
324
288
126
486
120
183
231
153
303
408
219
195
294
222
732
252
249
1422
216
120
309
207
411
402
345
810
360
297
963
183
150
1422
150
183
183
165
144
99
198
543
258
360
465
354
150
450
162
375
1986
408
156
303
159
1086
165
165
396
204
381
234
162
288
255
258
504
282
159
414
204
306
348
183
81
159
1392
1059
171
186
141
198
186
624
285
699
153
321
201
201
1551
120
117
231
186
465
243
147
711
114
429
171
300
117
231
147
87
183
180
198
405
123
222
657
417
84
138
123
270
174
240
630
294
231
108
156
627
1134
366
387
162
348
327
237
324
249
312
4680
360
861
282
225
228
1173
153
84
201
147
141
150
993
408
165
174
1173
255
660
150
1395
561
465
195
180
237
162
177
219
1629
246
870
207
114
117
117
249
306
213
429
153
111
282
225
156
204
1317
231
252
756
129
348
285
204
156
129
201
207
153
348
102
414
192
195
147
114
249
288
477
213
120
117
207
165
222
396
405
354
219
390
162
312
222
1122
285
333
891
189
2475
183
210
126
297
162
420
267
231
177
108
213
279
222
270
1203
414
81
135
237
195
75
486
288
201
312
192
1071
183
300
135
303
396
492
150
315
168
486
183
135
186
828
237
363
165
180
402
120
195
81
144
222
228
117
117
333
1938
144
120
237
171
108
168
123
507
102
177
261
258
258
324
171
150
294
90
243
153
201
219
237
231
144
156
225
417
288
168
141
300
114
159
468
138
330
147
159
186
189
426
216
867
111
309
180
999
309
675
489
237
1023
189
165
1377
309
366
186
282
168
1047
147
201
225
102
195
93
186
180
1257
126
213
138
357
126
315
408
150
240
342
795
246
357
588
150
300
501
156
2025
414
375
168
234
246
546
408
1056
177
627
438
363
579
177
240
255
84
132
207
579
204
102
201
303
1203
168
189
165
123
282
690
255
990
1008
369
246
459
144
135
75
381
207
159
186
144
132
228
195
171
288
912
156
753
177
1956
132
183
240
258
669
117
150
108
333
102
156
96
276
1671
519
159
231
174
852
126
387
1218
240
282
264
396
231
228
177
309
162
234
144
261
117
216
225
297
324
150
708
201
138
120
237
534
147
144
123
414
447
192
264
192
1380
375
234
147
126
888
225
204
222
192
261
126
405
144
144
417
186
177
993
231
105
423
180
1014
807
312
864
261
117
342
297
471
576
828
108
600
123
96
252
144
342
174
303
417
180
198
171
126
147
249
237
897
87
117
150
228
258
156
435
99
207
195
369
117
192
108
582
162
153
2688
438
273
261
99
294
186
165
402
357
168
141
219
675
75
876
348
786
189
207
243
210
192
699
669
318
1287
108
180
618
678
222
186
159
189
180
249
201
363
114
279
1491
129
210
993
309
90
333
933
255
429
1584
141
420
180
246
120
189
327
141
1095
189
261
420
267
357
1338
135
144
216
306
126
198
165
96
156
261
225
228
837
120
210
363
642
192
240
156
153
237
228
105
132
186
633
228
543
147
129
105
768
783
516
177
354
321
177
1188
216
168
219
96
612
222
204
96
390
840
126
291
114
153
363
174
162
225
393
249
180
354
189
273
162
174
171
171
1743
90
156
276
228
186
132
330
141
300
237
288
201
1203
171
720
189
165
357
561
222
186
597
465
336
369
456
405
294
255
189
330
237
144
108
462
285
99
237
1002
141
153
477
141
186
1026
219
261
225
429
1584
114
189
192
213
204
345
471
108
561
282
120
516
249
153
705
159
171
153
213
594
333
306
1854
333
357
153
327
117
192
255
141
786
300
819
168
153
237
120
177
168
441
138
138
126
198
678
1536
390
216
366
105
105
1251
147
249
186
213
114
342
120
129
348
330
303
1005
156
117
246
150
312
246
1461
345
162
219
321
486
462
1161
159
888
1107
372
234
237
183
669
150
348
231
102
963
258
180
279
981
339
165
285
216
288
930
390
204
663
237
1461
108
294
594
627
231
105
1485
1011
315
153
357
123
159
255
636
114
690
177
168
222
345
96
1347
135
1635
369
282
243
276
279
747
312
93
69
126
204
126
315
270
153
108
210
210
957
945
135
195
1119
153
654
306
540
399
180
294
1215
96
186
306
126
117
135
213
222
213
828
240
183
198
141
993
129
153
315
237
165
234
315
117
216
264
204
384
159
108
1113
174
342
279
174
162
159
699
228
324
198
363
336
855
90
300
198
120
456
129
111
189
213
654
210
243
282
1020
1242
111
120
312
132
231
81
282
132
279
114
534
138
993
168
1374
369
1437
285
420
129
147
141
399
240
888
162
174
558
1317
234
660
129
228
498
651
1182
210
174
138
201
321
327
288
165
501
297
156
207
108
252
366
216
276
3369
474
201
240
1587
318
282
228
132
207
207
297
168
441
129
150
261
207
156
294
114
147
147
285
339
294
180
333
420
369
183
3078
360
180
144
138
195
495
276
306
441
129
468
147
183
192
234
444
162
414
132
177
819
144
186
132
201
1431
1104
288
357
180
240
240
201
300
264
483
1008
1218
162
168
798
243
279
120
117
336
861
654
285
162
198
225
171
2049
192
198
261
78
234
216
276
201
117
147
141
165
225
108
555
231
519
546
273
771
279
1707
228
180
171
168
177
108
228
354
105
339
126
162
1164
204
948
237
198
1179
2412
585
213
342
108
171
249
240
213
147
309
246
168
318
234
126
132
234
624
204
246
141
627
465
1356
297
132
147
459
252
138
372
264
99
288
564
228
291
1026
210
171
105
387
174
180
147
144
468
144
153
549
1053
108
189
165
294
159
183
669
165
102
183
882
132
114
264
177
510
192
276
1488
312
441
450
123
84
264
216
1092
207
606
279
285
246
213
978
231
279
1284
1740
318
849
375
192
117
87
180
171
1161
177
318
138
294
396
771
828
144
120
1479
246
1023
183
444
135
198
219
216
123
591
147
102
318
1842
126
195
234
222
1095
213
213
180
108
1203
315
177
198
189
186
255
174
177
123
345
285
162
480
198
114
171
774
141
159
1827
228
114
183
114
228
225
438
156
1038
150
189
186
129
177
264
342
213
138
210
117
1065
228
2274
756
294
135
249
360
264
804
423
420
159
900
939
1674
267
228
315
153
132
126
402
534
195
243
285
129
207
345
429
189
192
189
1119
222
258
447
96
129
438
144
336
180
192
2889
183
174
180
132
261
1575
666
222
177
468
378
438
1029
204
159
984
483
327
180
102
252
249
213
93
795
180
255
288
120
612
2358
141
1290
288
72
300
135
156
123
123
201
303
183
165
177
141
111
810
357
243
1137
477
270
231
87
123
117
345
1653
264
111
252
354
141
396
1524
405
255
336
417
195
162
132
909
1221
234
279
243
972
246
1986
120
111
183
183
228
471
1398
141
1173
105
207
93
186
825
2055
384
531
300
357
114
84
201
474
168
240
1464
114
276
120
222
345
225
285
294
126
168
195
252
132
651
216
150
150
192
228
99
240
411
588
165
1149
120
339
138
225
93
189
204
204
399
267
513
165
186
129
189
255
408
165
132
366
207
348
258
243
138
540
519
207
297
189
150
162
180
1371
84
267
123
201
327
84
105
249
153
1422
300
138
171
108
177
189
198
222
513
693
144
90
1896
1515
186
189
141
297
126
282
267
156
330
678
126
132
144
228
279
447
189
144
129
138
153
1269
159
234
183
198
432
261
630
189
228
156
288
252
219
696
249
573
297
108
459
117
249
72
129
189
300
156
267
135
2292
219
507
201
138
108
162
225
111
291
219
111
204
600
297
198
231
243
555
675
153
495
222
120
435
243
255
204
534
282
126
459
819
471
114
186
192
630
114
387
1533
957
141
195
228
339
171
195
258
294
159
120
282
312
153
117
183
90
654
150
261
186
303
744
309
273
219
186
117
303
114
384
525
273
561
1020
171
141
258
174
1164
135
183
720
294
216
1308
1221
246
102
204
138
135
222
2076
159
108
237
483
168
273
219
822
210
132
489
300
462
237
453
453
639
237
93
720
162
1293
180
189
297
141
132
111
387
195
318
129
756
909
177
525
135
489
2232
216
153
432
1410
288
105
153
225
99
399
174
198
1374
336
774
207
285
120
309
111
405
111
1197
1422
207
420
252
1686
372
369
1173
999
375
525
180
261
99
96
147
261
288
153
303
1725
333
342
303
348
225
165
792
321
129
870
2520
987
693
210
144
129
381
354
207
135
204
210
282
1245
150
903
186
186
183
183
243
366
180
168
96
93
201
108
396
342
147
108
126
105
174
249
1275
375
936
1023
153
252
276
408
2151
720
183
393
195
300
228
483
72
135
405
810
177
201
87
339
216
141
201
531
186
114
186
366
123
207
129
1737
204
201
444
192
150
228
168
108
168
96
117
168
186
618
345
171
246
879
339
156
198
249
363
324
369
426
204
366
225
471
150
198
138
918
210
123
240
99
312
168
159
159
210
282
930
207
1026
195
195
129
207
93
561
537
252
1428
1443
984
201
231
369
474
348
525
537
99
255
903
99
213
903
168
174
117
249
186
783
1242
465
840
1452
426
1314
216
75
123
138
204
204
192
261
978
201
327
150
2100
312
774
153
297
267
111
108
351
603
99
126
120
180
330
945
120
168
246
150
96
114
96
405
333
237
390
282
237
129
273
162
171
129
90
375
297
168
276
111
129
285
228
741
909
312
135
630
201
195
195
153
213
249
228
156
906
183
249
168
159
303
162
204
123
639
192
234
315
195
327
168
396
336
237
96
753
123
108
120
303
1080
162
153
126
255
144
1593
117
180
372
111
114
255
153
399
393
123
150
117
351
396
144
1368
207
303
84
165
120
231
360
666
207
312
225
2085
183
243
294
123
126
129
183
117
183
93
282
438
99
168
132
177
114
378
2250
237
417
705
129
132
153
246
888
225
162
120
738
1536
384
144
123
189
387
210
141
174
1401
237
147
144
159
285
174
210
177
345
144
114
189
297
147
330
411
477
150
255
189
1134
162
636
93
150
75
201
159
213
171
225
120
291
195
165
120
159
576
132
219
162
462
141
345
189
219
600
156
207
144
243
270
411
375
195
153
198
162
189
189
132
363
147
162
201
450
174
414
174
555
201
333
210
132
150
114
1239
126
981
249
306
492
156
246
78
192
195
300
825
255
174
126
327
213
237
1527
1320
321
78
261
249
345
375
300
282
231
156
207
129
183
732
174
1500
195
513
357
288
378
393
300
192
1167
156
159
69
366
342
87
1164
108
288
405
228
207
237
156
156
168
189
561
249
666
237
630
708
879
90
261
750
330
414
372
330
174
114
123
990
123
156
156
258
1809
177
324
159
126
171
147
198
138
360
492
153
147
261
249
1197
453
96
258
714
462
123
156
201
255
186
579
156
234
453
183
186
282
252
489
1338
192
150
384
165
207
267
960
519
513
417
309
147
411
162
234
447
192
318
246
264
225
123
588
132
471
306
315
369
1392
123
156
165
240
72
228
87
90
129
219
123
456
99
159
186
174
144
111
180
264
333
126
105
84
159
114
207
144
87
81
99
162
105
225
126
231
99
150
201
96
102
75
150
144
138
120
309
243
147
165
468
177
189
879
369
2601
276
426
207
381
120
99
174
150
99
285
183
213
141
105
213
189
135
114
225
81
525
690
483
129
222
1179
240
138
123
417
342
321
204
222
114
150
1152
258
156
183
234
189
519
1245
498
447
156
132
237
66
189
123
90
243
183
234
207
210
126
315
1410
570
282
237
174
111
129
195
234
261
255
1377
270
117
228
423
1053
123
222
129
360
303
117
195
144
261
90
375
399
111
495
330
237
162
192
156
180
132
180
114
102
183
1308
435
669
117
207
303
495
273
96
453
147
216
159
270
132
249
1509
213
693
507
168
333
483
261
444
699
255
138
165
369
132
303
144
486
168
210
474
438
99
165
186
168
237
276
507
1068
282
309
147
123
186
222
261
138
435
129
324
90
297
147
393
552
129
213
243
999
1197
180
1572
288
240
87
219
516
162
1623
519
246
210
135
282
162
135
495
156
264
243
669
444
474
141
144
114
75
219
147
144
213
123
345
279
231
144
159
141
126
180
213
72
111
162
510
159
138
207
114
153
228
162
513
126
1224
210
582
129
105
153
84
363
240
798
252
261
315
213
321
309
450
315
339
156
1452
117
108
264
147
1155
135
2460
576
273
189
207
432
309
1464
177
156
195
246
279
255
138
360
204
159
285
486
258
369
411
120
102
162
552
1866
228
267
141
96
495
141
354
210
279
627
969
132
195
117
372
531
633
438
183
549
228
390
138
411
483
237
141
264
141
105
207
438
186
150
333
159
471
297
177
138
2586
111
114
219
129
165
597
378
282
339
210
351
246
210
177
921
1242
384
111
288
216
357
93
156
447
234
837
204
108
90
129
183
141
195
228
150
138
162
441
180
171
237
108
729
336
219
213
228
234
453
282
213
303
930
330
156
540
222
249
174
354
423
789
111
177
165
168
222
144
261
336
1752
273
1152
204
240
165
168
207
150
162
213
1806
174
168
168
168
156
369
438
171
171
171
921
363
297
1317
228
267
216
255
249
192
171
123
162
87
159
147
657
114
144
96
225
819
198
234
216
2286
168
201
468
288
162
165
318
255
210
375
117
180
1320
207
225
222
2766
291
243
165
195
186
300
420
1392
315
132
195
342
1362
342
183
525
201
213
288
288
198
918
357
105
267
339
558
408
270
132
228
360
147
177
147
342
132
258
195
189
114
111
195
132
225
354
168
345
867
285
162
1176
183
1332
204
1119
297
228
219
165
276
414
174
177
936
171
282
111
132
102
150
165
309
150
1245
186
765
510
282
846
243
693
141
192
321
222
621
228
123
282
207
96
159
198
87
87
99
102
264
1344
231
126
498
336
264
69
210
129
246
1986
288
114
171
198
462
267
201
225
204
78
300
168
129
363
339
411
165
198
186
162
282
288
3381
171
123
159
165
165
270
156
327
843
168
156
156
144
135
201
333
162
276
879
360
114
129
312
144
162
162
216
195
255
189
117
198
267
210
177
156
147
252
210
225
162
705
105
747
108
210
318
180
294
219
105
312
360
1224
168
174
297
243
201
129
276
321
228
135
129
180
1056
201
135
1293
183
258
426
966
321
99
228
981
243
129
189
126
234
771
96
426
255
183
75
1227
510
1242
138
174
183
789
1800
171
417
264
249
252
135
555
153
159
1419
219
159
186
216
294
195
135
1032
279
276
240
255
204
183
165
474
126
111
675
111
114
144
156
174
462
207
237
195
180
663
84
138
222
222
366
213
123
588
162
162
555
144
102
243
2919
111
147
126
207
198
246
126
435
363
306
219
426
315
369
282
81
393
141
261
198
186
183
189
153
315
312
306
387
282
1551
708
153
177
288
177
78
366
402
159
138
414
138
825
96
309
240
276
315
207
315
369
180
594
1011
174
225
183
876
756
651
276
306
375
1164
123
174
120
207
84
105
150
330
219
1242
198
420
171
108
315
249
252
387
207
222
531
705
207
1299
324
153
360
201
144
174
171
99
171
195
1047
969
165
222
273
213
162
144
312
1998
600
426
192
459
408
201
327
168
138
147
291
651
144
105
207
189
192
126
231
126
96
207
180
105
426
360
204
84
801
600
201
126
963
375
180
171
306
189
186
336
546
279
267
192
186
108
186
150
96
201
393
1161
459
276
342
252
216
729
237
165
315
387
321
168
204
336
114
237
129
1140
189
258
267
297
195
351
465
288
162
447
1107
279
204
321
213
564
261
216
444
2238
246
171
240
306
144
159
213
156
102
399
510
84
141
960
4653
1722
297
1503
555
1914
135
147
213
261
180
423
564
207
273
1725
1050
126
1233
288
1221
291
741
462
1080
309
174
132
129
432
351
243
174
189
192
405
81
141
273
246
225
207
186
1173
291
1248
366
315
189
294
282
435
204
159
168
327
93
93
360
156
138
207
564
207
414
198
399
288
153
294
279
270
297
159
138
150
483
84
159
225
150
1692
474
336
690
186
129
345
195
180
354
147
216
387
426
213
255
186
138
345
306
189
222
207
105
657
99
1542
132
195
132
162
141
93
486
144
99
441
180
180
201
156
204
174
219
390
252
330
372
213
195
150
129
108
99
2484
1452
282
390
111
345
471
231
3048
186
147
225
156
93
396
339
111
297
1323
675
234
234
195
1254
219
96
156
840
360
171
216
105
303
495
228
72
939
633
1614
1035
105
204
120
129
270
393
255
261
117
207
168
426
189
1758
198
321
162
237
261
93
237
138
150
480
138
126
165
189
282
798
1539
333
1515
141
210
162
225
135
315
180
132
180
2046
240
363
1260
186
321
252
345
735
1020
444
108
246
975
231
318
1257
219
489
234
318
576
186
1515
126
321
267
132
177
1089
189
150
474
894
96
216
387
399
168
228
600
150
333
183
222
192
1056
201
132
225
252
276
966
297
147
384
174
756
195
114
1338
1461
189
342
159
102
252
300
225
633
147
135
246
156
123
348
1266
219
144
924
204
276
153
150
216
198
255
954
576
108
159
417
75
1242
327
102
498
252
135
165
81
234
786
135
1371
183
351
150
168
270
144
285
837
210
123
1299
597
1158
129
516
1017
285
2607
126
297
165
171
144
141
621
537
408
246
186
111
231
237
306
573
390
324
297
507
246
258
609
87
363
144
213
606
897
210
135
1029
198
108
90
171
225
177
210
366
270
450
222
243
237
93
540
354
141
150
138
291
225
240
207
87
186
135
954
99
201
351
255
372
1491
84
162
150
186
135
207
126
129
363
276
381
135
123
102
222
162
159
471
105
1773
2697
294
159
243
372
615
177
120
426
306
438
1485
84
1515
165
165
315
492
210
150
132
132
450
117
114
141
1404
1137
180
237
114
99
156
171
426
99
1389
363
711
243
147
162
198
156
255
1959
1683
177
126
273
252
153
168
147
201
117
201
96
630
156
219
138
321
147
306
141
327
1443
369
195
282
177
246
240
144
138
900
216
183
228
180
147
195
330
261
609
153
195
306
120
114
105
1023
138
141
231
297
1260
456
387
267
198
108
558
273
516
195
138
177
243
135
138
858
423
117
813
150
276
219
261
312
573
186
111
525
186
129
732
399
102
297
246
264
156
375
570
162
315
306
246
276
252
516
165
900
177
279
138
132
150
138
315
762
117
120
225
696
318
2349
303
186
279
153
228
219
201
276
219
315
183
681
282
141
129
363
315
177
738
249
234
159
162
354
222
114
210
396
141
285
90
126
168
432
183
171
294
327
159
852
117
1431
144
96
195
207
2412
921
1599
162
945
192
672
237
204
159
378
378
123
342
129
72
438
516
147
66
144
159
186
1194
165
207
198
243
273
99
1422
714
348
303
138
465
207
1014
246
477
117
285
171
324
219
285
2004
180
303
204
177
201
282
285
117
342
156
129
153
333
273
264
228
153
330
300
351
222
195
603
261
129
363
258
177
132
333
234
1506
366
396
129
279
93
150
429
120
678
105
198
144
1107
279
240
153
1170
777
495
288
192
153
231
96
96
1977
189
87
384
204
207
984
204
120
231
168
171
573
135
1392
981
192
216
246
135
315
282
1488
102
243
120
249
267
654
171
900
291
486
123
171
201
291
111
120
969
807
165
144
312
135
276
144
669
660
126
120
360
3111
441
222
264
240
150
171
228
318
282
168
225
393
171
231
1053
255
276
180
141
135
150
276
1113
234
543
129
303
291
447
72
432
282
72
228
192
129
123
456
186
108
99
144
168
267
93
180
264
150
333
105
84
108
171
114
126
207
144
66
87
102
81
99
288
105
321
231
213
99
72
165
222
78
150
201
96
102
210
423
75
150
165
144
138
186
162
129
111
78
123
120
177
195
135
177
105
126
810
849
627
180
228
549
132
153
486
114
93
141
171
141
135
558
168
150
228
1071
111
216
132
210
102
171
261
168
189
204
1398
303
315
147
381
180
141
180
444
237
498
162
210
408
219
303
1038
162
507
138
189
336
87
570
654
204
132
174
129
213
222
504
120
120
156
126
78
177
381
369
231
177
93
138
81
87
90
135
180
69
204
309
162
189
231
192
516
87
162
69
267
195
462
288
246
216
714
183
174
108
537
228
117
156
99
789
180
363
246
171
291
153
180
546
108
237
174
372
159
87
198
693
597
90
390
357
570
414
165
153
213
462
150
87
81
483
108
111
120
183
81
426
234
342
321
210
123
1074
153
843
282
240
282
123
615
231
657
132
99
144
93
192
642
72
183
135
339
129
132
171
351
1491
321
213
216
132
204
129
168
117
81
87
450
186
78
126
189
195
126
555
315
195
78
135
474
120
201
114
138
303
378
705
204
126
120
378
309
114
138
180
165
210
1842
153
231
243
300
267
294
309
159
174
198
156
207
246
180
126
162
90
588
138
195
210
129
249
897
150
228
264
261
237
81
117
120
300
252
165
639
123
123
171
156
201
2112
441
111
144
204
162
519
288
1236
150
465
222
264
243
636
156
261
159
582
426
186
201
339
237
111
204
156
267
138
177
627
228
2586
270
174
1557
339
213
264
126
213
138
120
114
480
210
213
1392
582
444
276
339
111
285
219
108
189
183
186
234
96
762
342
363
756
165
99
243
897
96
180
738
240
195
87
87
99
1317
264
708
840
516
132
2586
90
150
282
87
96
153
285
288
216
300
366
156
474
129
774
234
240
168
252
429
276
225
363
1695
159
135
678
156
189
1356
222
222
240
219
363
156
459
498
294
165
246
204
624
186
213
120
279
291
120
144
189
150
231
237
234
2361
291
357
498
231
297
888
792
255
240
585
105
408
1332
741
186
237
186
231
222
348
135
528
189
195
489
231
120
1287
162
219
228
132
141
405
129
300
336
315
126
180
123
285
150
423
759
219
180
843
438
135
222
342
135
195
153
552
237
474
99
237
402
1536
249
246
273
171
246
252
336
321
336
162
249
2127
348
174
276
201
102
162
543
450
165
168
297
246
468
231
234
369
183
201
1239
156
171
231
135
180
222
309
597
252
1344
159
156
747
561
147
183
210
153
168
384
246
324
120
204
183
153
294
138
600
171
108
384
138
462
1119
228
168
312
162
1116
354
330
534
951
222
156
165
207
120
234
159
339
120
147
126
336
324
309
132
177
231
537
141
255
255
1362
246
255
207
123
93
195
306
939
690
123
150
162
111
408
660
174
318
273
171
474
297
321
1182
270
99
171
177
174
264
288
180
171
255
135
777
1089
237
108
480
204
111
225
186
204
654
204
396
342
369
243
231
249
2262
138
384
309
267
279
267
681
213
156
246
1314
210
252
1179
303
642
1008
324
285
807
828
1071
201
177
2760
258
177
267
177
132
216
123
336
399
117
213
300
90
174
411
153
201
171
213
378
186
99
492
366
1554
174
300
231
138
2130
786
228
387
879
297
387
333
99
309
981
189
267
507
189
105
447
321
195
498
99
603
207
117
210
1194
3138
135
153
183
171
486
231
159
201
81
1704
654
1062
216
201
123
1359
207
369
330
2094
375
213
153
537
543
183
1308
237
117
231
306
189
1509
237
183
267
117
168
417
141
198
123
900
2070
285
321
1008
1113
111
135
240
264
2445
123
417
192
150
135
246
159
195
129
204
132
1635
186
297
1743
132
384
1026
453
255
483
186
186
219
282
108
393
459
165
150
201
288
210
276
231
93
300
231
102
306
177
159
186
207
189
1638
192
123
156
381
354
183
171
456
84
414
162
1773
192
162
249
204
192
246
270
804
138
321
219
123
216
1152
150
147
222
129
162
138
255
90
198
339
138
123
1134
216
102
468
165
348
174
1419
405
150
252
195
123
939
216
171
120
105
177
303
183
168
1014
90
219
279
129
225
168
141
162
156
150
213
1071
246
171
204
168
150
237
222
396
240
216
249
126
2058
282
1365
138
138
240
258
375
489
888
471
1500
960
723
309
213
108
279
1224
150
492
1188
261
1878
300
255
543
258
270
324
4137
2031
123
228
159
165
147
1470
213
234
423
144
411
600
426
171
306
186
150
876
1263
195
201
114
288
483
264
186
231
825
144
276
147
126
108
324
267
297
198
339
264
582
222
156
135
291
324
459
150
948
153
159
126
291
120
936
93
105
210
213
120
243
231
369
108
114
189
1095
414
1035
252
243
144
276
165
234
270
528
135
219
153
135
162
486
141
150
132
1140
1122
144
99
189
174
177
561
171
660
150
441
837
309
78
120
129
435
90
258
129
129
63
246
357
294
153
210
129
156
144
141
465
120
105
294
120
684
111
165
123
234
291
363
795
534
198
102
876
567
129
165
1704
255
138
201
171
201
174
195
243
135
2127
345
153
246
111
144
297
93
288
96
696
159
267
2256
264
285
372
561
186
339
171
183
330
222
201
102
129
204
408
300
192
516
333
186
1194
138
309
330
888
285
1401
525
243
258
186
369
129
138
285
450
210
381
312
243
354
1668
330
666
216
213
132
117
69
1794
159
465
228
372
165
162
234
129
306
450
369
306
114
246
219
396
126
510
168
171
354
165
282
894
183
1701
351
165
216
315
234
111
99
432
426
1254
159
162
495
144
177
1170
630
207
288
753
207
75
258
129
540
549
150
138
162
201
183
219
171
1125
177
159
225
225
150
234
1125
387
174
360
273
252
93
156
348
213
147
147
417
138
150
297
153
96
174
351
285
600
165
1224
255
138
141
180
291
147
330
1470
222
330
243
1278
1179
282
207
180
852
588
144
1341
537
270
519
96
135
1626
1974
777
819
138
162
261
234
249
183
150
162
72
192
147
117
117
141
102
339
186
795
984
144
141
183
222
153
315
111
240
210
213
174
141
117
501
201
147
135
183
264
1425
510
360
114
129
762
642
138
228
111
147
168
114
132
171
261
114
240
315
894
144
102
225
207
165
1737
366
165
219
276
123
123
231
93
129
174
114
240
777
150
168
297
483
285
258
186
90
147
837
219
195
264
156
123
162
234
129
204
666
366
240
264
1950
252
153
513
267
459
294
174
225
108
243
114
177
996
153
276
186
483
102
396
168
135
177
255
1575
171
231
174
267
201
123
1872
279
312
156
123
456
156
162
195
312
225
1521
291
168
225
162
150
195
339
198
192
372
441
87
90
189
528
117
993
198
240
996
138
114
162
150
714
177
315
96
258
132
207
189
117
138
213
162
165
309
195
285
120
78
129
186
162
138
129
144
165
150
75
150
102
96
126
213
72
225
126
144
162
168
207
87
171
126
243
246
264
252
150
93
267
132
456
117
99
192
90
93
147
222
243
72
144
165
75
873
132
105
270
129
390
378
156
168
141
81
123
234
201
291
450
132
243
162
561
243
195
351
117
330
135
192
111
129
108
141
267
168
186
162
219
189
285
180
1641
135
324
294
267
384
87
357
987
216
288
231
180
147
174
90
240
1704
1182
96
114
144
162
306
114
162
306
2124
555
165
147
198
189
171
183
432
201
159
1554
411
126
318
357
1296
126
204
114
192
399
390
225
102
174
414
276
1155
153
327
339
195
222
189
468
105
192
225
1206
150
153
159
1275
198
177
240
288
411
252
243
87
150
84
105
900
510
714
297
1164
189
447
360
207
453
675
1266
144
243
219
150
183
1086
123
186
174
1461
309
168
339
213
177
201
177
750
273
480
252
255
1470
162
771
105
159
111
129
135
108
177
87
174
147
87
1422
255
258
240
198
168
321
249
1203
138
291
462
174
375
324
273
240
99
117
2595
144
402
99
267
177
225
177
159
219
342
129
210
132
150
357
96
243
108
828
237
132
69
123
903
231
405
399
255
777
2550
351
318
396
138
345
249
153
153
225
237
141
141
129
111
969
306
291
153
942
309
156
108
183
198
240
108
1899
108
246
525
165
222
237
159
645
258
177
267
150
171
153
639
237
321
366
1038
156
249
975
126
336
963
132
141
210
147
177
309
198
534
408
165
399
369
339
771
375
141
387
123
237
483
549
261
897
312
153
789
135
819
354
1449
330
243
405
588
126
162
219
771
333
315
402
552
162
1677
195
279
171
159
273
276
519
108
1095
480
318
84
246
921
204
270
90
117
240
363
447
273
249
111
204
171
747
138
159
159
195
195
183
219
189
168
237
2385
135
195
165
171
162
147
96
285
153
243
168
1335
234
1086
120
396
225
183
219
114
168
1497
282
180
84
129
204
246
246
132
231
105
189
138
213
135
195
78
285
117
177
123
78
129
111
186
138
423
195
165
150
150
225
102
96
150
147
72
225
126
117
288
144
168
144
171
126
159
114
108
243
84
174
93
252
180
183
93
267
99
111
168
174
93
153
105
186
159
99
378
129
87
93
258
264
177
201
441
210
150
159
1005
630
639
2805
192
501
501
195
336
174
288
189
243
492
87
249
225
264
120
93
150
114
306
249
231
105
288
90
333
318
252
162
192
231
504
258
258
198
138
141
252
321
183
201
117
1254
1413
396
135
102
177
225
225
192
465
189
264
225
330
1833
180
159
153
1554
447
132
222
246
309
129
135
768
1446
1431
2091
906
819
627
168
246
1089
150
270
204
144
204
189
168
1017
78
246
531
231
243
141
240
204
822
915
81
237
144
2463
906
333
135
297
369
345
171
390
213
216
123
99
327
357
612
183
159
96
126
315
327
153
141
165
996
312
270
204
321
699
1446
123
162
156
225
228
105
168
1503
336
339
96
1104
138
120
558
363
234
126
240
126
132
294
450
180
342
171
297
174
135
138
156
186
123
72
96
207
363
117
210
135
153
168
180
303
153
279
246
252
165
189
240
300
270
810
135
243
213
474
267
339
291
240
249
237
507
207
1614
174
180
273
228
288
210
144
888
165
201
294
258
516
537
141
189
255
963
225
156
1341
363
390
1209
495
348
471
180
288
147
987
126
234
111
165
129
237
399
2358
768
222
228
285
327
426
165
564
249
132
276
309
273
123
126
1386
192
153
138
348
141
237
114
306
273
156
240
348
171
228
90
405
309
117
171
129
468
102
174
201
894
117
138
276
375
252
276
99
360
495
105
96
201
258
117
741
147
264
2529
315
1293
255
396
267
2526
861
1782
2697
111
144
366
189
255
204
456
336
162
180
315
300
279
297
168
384
252
294
183
180
288
102
255
117
228
159
312
339
159
117
192
243
216
258
414
294
207
147
105
201
132
414
159
357
270
318
144
207
159
531
192
180
120
180
171
129
453
234
117
144
312
252
1149
183
156
261
531
129
195
300
177
186
87
132
231
189
138
213
165
135
309
195
78
285
123
78
111
186
162
138
423
210
150
96
144
174
150
99
72
321
117
144
105
81
171
159
84
333
243
105
246
126
252
93
267
99
111
144
99
456
105
174
186
99
123
90
228
93
147
363
345
372
1056
267
186
990
255
192
135
159
240
147
138
222
264
153
1221
81
504
198
117
168
159
189
189
132
159
117
471
219
132
114
555
195
150
219
138
87
492
1356
204
114
126
135
159
114
243
102
150
258
264
117
516
102
195
1125
4092
168
150
258
162
72
3009
228
150
273
108
147
225
228
114
234
192
180
114
138
90
228
144
108
228
294
360
183
261
129
204
144
168
312
288
174
147
207
105
273
111
369
183
1488
222
234
108
129
150
159
135
318
312
858
291
735
525
294
135
228
141
174
810
228
165
204
129
156
72
117
357
180
222
1077
93
303
390
279
240
357
357
312
600
168
129
192
627
156
282
99
420
1437
1338
966
279
1290
900
171
543
300
1611
78
207
126
240
240
111
192
162
108
132
168
258
132
231
117
162
147
243
78
177
120
78
186
162
129
195
165
210
75
150
102
96
159
174
150
213
162
168
102
207
87
66
126
84
243
252
183
93
267
99
144
99
456
93
117
159
99
129
192
93
147
219
231
465
186
156
375
222
420
573
255
114
126
144
459
255
240
654
150
315
1749
219
111
102
162
261
390
270
312
294
876
168
162
93
3723
282
666
123
168
342
207
108
228
186
144
186
378
138
132
231
447
105
381
414
324
165
210
579
186
165
291
336
117
258
474
159
381
171
210
1704
138
168
828
282
120
162
189
390
312
186
240
165
87
393
123
234
219
150
1671
99
213
93
168
129
159
342
1218
312
111
156
507
147
123
141
1371
111
141
315
132
180
945
633
165
228
198
183
171
2505
291
225
294
381
135
87
213
216
141
198
240
345
276
408
285
345
180
147
633
387
1398
642
249
141
237
279
240
1053
279
228
375
198
258
258
195
168
276
105
234
201
465
228
300
495
147
174
132
1113
480
81
219
486
138
201
120
1002
276
159
189
2823
255
147
189
174
174
180
216
531
177
171
255
117
210
309
150
657
582
129
168
165
483
222
1371
543
294
648
234
696
237
93
339
345
354
186
363
186
342
135
369
1176
141
399
243
174
105
111
141
174
1515
705
876
177
411
288
264
729
303
222
309
111
132
264
141
126
243
438
111
1605
1041
969
1005
1575
120
216
462
570
1527
183
186
123
1038
312
846
534
153
1065
297
162
273
642
579
156
273
330
453
387
156
213
225
534
549
348
210
243
441
210
444
156
180
168
282
669
243
321
186
2274
984
1674
174
333
123
384
300
150
246
168
183
258
192
258
168
306
183
252
222
228
219
162
153
105
267
1536
1131
369
165
243
1350
126
123
264
93
192
333
336
111
651
267
168
435
1611
156
231
135
186
189
171
438
204
537
345
303
216
282
201
1041
246
597
189
279
564
156
108
240
132
150
315
225
540
1869
228
219
267
141
156
168
273
168
132
186
138
249
171
285
339
156
156
492
537
270
186
1101
156
165
288
156
153
378
354
216
321
186
489
123
111
1251
135
156
195
174
156
378
1569
174
231
231
168
225
276
147
1857
246
246
306
147
300
246
138
294
180
165
213
303
93
93
135
126
321
174
300
618
195
309
255
237
1278
195
219
1320
372
357
207
213
1332
219
1338
81
93
123
174
177
183
135
315
282
63
189
357
261
180
330
216
123
324
960
132
204
747
594
1299
222
120
189
198
216
357
279
1488
345
321
474
879
864
735
324
174
342
156
567
93
435
156
192
150
186
321
171
129
114
144
177
252
678
789
702
342
141
306
183
480
429
243
195
1038
171
303
126
954
207
507
2001
282
213
117
141
144
150
84
105
132
768
180
375
168
249
273
567
135
333
1359
189
120
168
240
234
270
222
123
240
441
318
1785
216
144
165
66
276
111
261
3825
528
258
1347
144
270
177
255
453
150
705
195
267
204
321
1563
231
180
354
345
1014
294
258
1092
699
228
135
1380
141
354
192
168
261
216
321
462
129
207
342
618
141
90
300
153
369
387
510
447
186
2154
204
375
267
255
120
159
162
1851
165
126
309
189
273
1515
117
234
111
177
108
102
975
2796
303
159
303
618
237
558
213
150
117
261
474
195
510
312
939
129
237
276
228
138
111
255
429
357
279
189
126
105
111
225
93
225
273
183
87
114
528
252
171
93
180
177
174
285
282
1149
120
189
135
237
237
1095
306
711
141
303
144
198
291
177
303
357
426
336
579
201
111
660
420
144
210
126
285
1209
147
108
234
222
1302
336
1041
939
546
1359
483
2073
708
711
747
276
2655
120
252
540
1374
1245
135
288
423
156
99
918
1206
1335
123
1344
162
1464
225
210
237
1044
198
120
192
207
123
156
198
123
207
234
516
348
564
141
282
1056
459
2319
609
273
234
501
465
231
585
138
600
183
150
732
195
105
90
165
141
447
135
183
462
270
219
777
225
216
282
1656
174
165
120
210
159
234
723
144
195
1131
402
252
150
438
180
186
795
207
870
846
411
222
360
138
165
120
384
162
804
174
264
78
1044
141
285
705
309
123
219
642
390
216
348
276
141
201
231
387
297
522
171
249
1440
174
204
276
429
258
378
405
537
1755
282
378
327
186
246
162
276
180
1998
270
405
231
153
111
186
387
525
315
216
204
309
675
84
150
387
879
252
126
318
81
147
702
726
177
225
102
150
177
246
216
156
741
