513
2544
258
246
285
285
234
285
213
234
267
312
477
471
846
285
1488
201
294
204
1026
297
660
294
258
555
630
375
600
303
258
1230
234
648
1200
321
555
210
297
384
207
312
330
312
267
258
1170
288
336
939
333
525
297
375
228
996
216
345
1284
201
321
258
318
258
462
312
231
339
1065
276
237
219
357
264
1188
231
288
360
531
300
1407
318
342
333
255
648
747
381
753
288
195
213
1236
762
210
378
207
243
612
858
357
321
978
198
228
303
513
522
342
291
246
546
225
1974
501
279
513
216
849
267
264
198
213
213
1005
318
234
216
2364
252
633
231
324
195
318
894
252
309
282
273
213
225
276
2919
201
309
369
690
228
213
240
279
291
402
453
339
486
735
579
288
249
285
243
324
312
267
288
198
204
408
351
228
756
273
258
213
1116
222
249
390
246
243
321
306
333
261
318
285
651
393
456
1455
258
222
411
522
276
429
300
291
282
234
402
267
423
1122
240
192
1869
279
327
651
264
474
204
513
1089
354
204
402
249
660
303
222
279
459
294
201
237
417
276
225
1167
660
537
294
237
231
267
231
1308
351
225
300
348
348
258
1116
264
327
1479
285
249
210
948
267
210
303
516
258
507
426
1212
489
240
402
249
300
2715
846
252
1155
201
624
1110
249
273
213
360
357
291
237
243
1395
342
315
225
954
243
408
258
453
1404
255
219
876
246
336
225
312
246
2598
840
204
270
846
1929
1290
246
1500
888
315
1947
288
420
294
2811
243
423
297
390
327
465
888
249
489
348
810
324
225
885
270
282
279
2421
273
903
243
240
438
405
210
210
258
255
690
240
957
267
219
1260
252
258
240
240
468
258
837
627
336
630
192
255
267
273
288
759
240
273
252
339
300
225
270
303
345
378
450
273
240
339
249
240
471
819
294
201
2499
237
315
414
210
219
411
225
231
306
345
318
2586
513
378
399
2403
687
414
372
351
258
912
315
237
525
2001
342
228
273
342
315
240
408
231
270
459
1440
228
243
381
273
627
291
831
258
321
345
336
225
234
861
315
1221
231
213
201
201
816
207
303
855
249
213
228
249
216
282
276
234
339
255
228
195
885
255
744
234
291
582
231
222
231
216
795
375
201
1497
213
249
201
381
309
594
2451
489
246
399
234
639
237
231
258
444
792
291
420
399
630
276
255
531
3501
369
231
2181
918
225
363
225
225
303
213
267
225
306
339
468
246
474
321
345
225
210
321
393
204
228
414
231
819
264
672
1056
315
309
219
231
195
201
225
321
288
333
243
267
456
378
228
192
420
204
351
963
378
882
267
627
258
300
234
198
303
603
513
369
207
372
384
282
363
204
300
456
213
243
486
381
396
762
216
753
558
198
297
765
372
279
297
285
351
267
198
252
612
1812
453
240
213
351
246
240
288
363
204
222
306
282
441
462
210
240
246
276
267
240
363
321
474
213
207
297
1275
204
273
264
336
1074
243
480
306
507
414
384
285
1284
396
267
225
198
234
543
477
492
519
534
213
258
222
999
252
930
393
411
198
411
213
249
501
243
234
372
312
375
213
621
1428
516
912
309
330
246
462
480
312
1098
252
774
285
384
525
321
309
234
351
198
213
414
204
1212
276
264
330
366
318
201
1047
936
447
360
345
477
432
1413
252
369
699
213
1680
489
462
261
252
756
237
678
783
369
195
354
1050
207
261
276
201
297
321
270
309
219
468
1416
471
966
291
210
543
2301
234
285
282
327
345
270
258
651
243
378
354
285
324
351
249
2556
264
333
237
201
204
456
249
510
381
675
225
249
228
612
201
264
210
243
285
207
354
609
345
1365
279
246
312
303
240
738
336
270
1449
213
345
486
321
855
303
255
738
1755
360
297
459
369
1524
276
303
240
357
210
2058
429
243
285
228
306
621
234
285
213
210
972
606
318
267
213
441
474
522
291
675
390
207
426
219
219
255
402
213
483
375
201
897
213
213
306
297
330
285
348
915
666
237
756
465
384
225
1485
516
1926
690
1311
285
222
405
252
258
279
225
237
1002
234
210
234
285
360
357
858
288
228
246
237
249
411
360
207
426
303
399
198
1674
339
240
456
951
411
351
993
207
282
627
1020
222
1299
861
351
342
441
438
204
219
213
1140
876
222
219
288
255
1014
222
390
225
1206
204
438
273
276
297
780
522
474
207
243
237
1116
222
225
207
309
327
222
1482
1461
672
246
210
1248
207
306
423
228
1107
366
237
375
219
300
213
1545
225
396
222
246
342
285
246
1116
219
360
291
597
288
201
366
312
999
384
426
1578
282
315
3318
348
282
504
267
273
195
264
204
1314
252
738
270
357
201
228
240
288
204
255
216
210
216
375
345
240
201
216
258
282
318
1080
453
456
1143
288
189
192
366
189
285
324
402
1026
255
330
354
942
636
294
207
261
486
417
1107
420
303
1017
234
1113
441
282
237
243
1887
363
408
477
225
258
225
291
237
294
1122
354
642
666
1572
288
1011
594
258
234
216
231
2013
312
339
957
258
606
741
366
426
1308
297
267
381
387
426
204
207
1392
279
294
258
1908
879
504
360
282
225
246
249
843
351
510
228
1896
279
414
357
333
1920
717
204
1470
231
408
501
219
276
543
225
219
573
300
411
288
213
291
324
516
255
264
246
621
465
294
3153
369
237
897
219
249
303
585
210
291
1233
216
669
546
249
201
234
252
207
414
252
303
360
390
213
501
318
405
372
267
282
210
1962
234
318
246
555
384
354
402
588
210
381
345
618
324
1881
309
1611
306
234
393
972
390
222
249
513
207
978
390
207
282
318
276
447
282
282
210
252
312
201
207
264
1674
255
321
204
324
495
279
816
252
357
228
366
708
267
420
435
279
501
312
219
939
420
318
198
222
246
240
435
279
948
243
228
294
324
270
915
573
303
225
249
354
219
396
462
228
228
213
243
222
234
333
438
363
324
546
318
312
423
285
336
1071
405
459
306
222
240
255
408
204
282
294
204
528
285
264
261
246
261
222
381
474
255
237
891
291
351
1398
270
213
345
225
204
207
252
222
444
786
222
1257
297
234
447
381
489
621
261
324
1725
303
282
324
726
204
972
207
219
978
273
291
1455
387
198
252
399
846
525
210
1398
678
453
210
285
573
552
252
267
312
465
597
771
2634
282
189
234
207
279
1143
471
717
240
354
303
357
363
222
207
243
198
447
252
1560
300
606
273
474
285
672
261
375
297
237
402
312
264
375
213
252
891
228
282
531
258
231
273
654
237
423
660
249
525
399
792
195
213
891
489
273
3063
573
411
372
330
255
2247
213
231
306
225
210
1485
285
351
438
1239
357
3147
297
210
528
195
1416
237
237
324
501
279
192
234
216
309
198
207
330
219
795
354
468
246
393
225
243
393
195
267
345
198
465
318
315
345
255
291
600
249
285
255
204
993
243
399
213
1008
291
234
222
540
261
1266
240
255
252
225
960
231
210
354
237
273
342
225
594
315
336
339
219
2151
744
285
252
258
357
378
201
207
1101
210
243
528
393
231
222
270
324
267
231
246
219
240
822
654
564
1029
369
240
207
1257
312
255
504
492
846
300
246
1506
243
237
249
207
228
360
249
204
297
228
264
246
1152
1164
330
294
300
582
348
1281
306
324
270
288
306
291
609
246
396
624
225
360
243
204
243
687
252
201
285
402
219
204
393
423
285
201
228
246
471
378
336
216
276
657
354
297
1338
345
249
327
2790
387
228
795
405
195
216
387
1044
432
684
210
417
243
1443
210
312
222
303
711
336
222
282
219
261
246
231
204
207
222
1053
282
246
606
303
747
237
228
573
327
264
297
375
213
1563
348
300
270
249
438
357
606
192
318
951
270
210
387
210
273
723
237
240
255
273
270
288
333
228
399
222
324
219
234
756
204
204
606
282
318
243
555
213
354
291
258
1968
1176
252
336
1743
786
231
369
258
330
1410
219
192
210
720
243
426
474
399
252
741
393
348
198
1770
306
474
219
273
294
510
441
198
1353
309
2202
357
264
195
300
204
204
270
267
2775
282
402
438
612
273
606
612
2058
243
624
1884
588
258
222
228
330
273
213
243
204
414
306
213
210
666
528
291
297
273
261
369
399
297
315
207
201
246
660
1083
207
411
369
363
285
270
201
234
414
246
291
201
270
777
447
279
672
306
219
1005
204
216
300
342
204
435
279
360
210
273
1242
816
207
243
234
2574
321
246
348
285
603
435
567
630
258
210
378
411
339
243
285
666
225
312
2508
273
234
234
1362
252
531
918
423
276
345
747
255
294
234
294
213
309
195
252
984
411
1320
1155
249
348
246
333
261
453
264
771
450
324
1293
276
678
516
522
324
198
225
357
1341
381
276
228
636
240
261
225
267
444
486
213
510
207
258
1080
441
483
237
243
720
1056
279
249
1092
849
339
252
810
249
228
234
225
381
246
297
384
339
705
933
222
1038
462
339
201
276
207
1095
1434
330
279
243
303
261
336
378
1341
306
537
195
189
573
1410
294
1125
540
261
315
276
1293
207
810
402
291
234
684
213
240
2076
432
237
207
228
225
522
255
309
258
240
753
360
1026
312
219
231
546
252
252
531
234
354
198
480
1161
570
192
252
456
366
315
258
330
402
1080
234
534
246
210
210
1404
507
228
312
378
504
2403
246
282
270
327
384
231
198
612
537
204
243
1104
204
438
321
495
228
279
321
210
447
1065
291
351
573
360
204
318
216
312
384
900
300
249
690
207
282
270
519
762
195
243
504
648
219
285
312
420
285
534
495
213
216
456
228
240
273
207
480
555
324
1170
471
219
984
264
1629
1071
258
282
279
288
261
1278
375
471
240
927
444
249
396
702
948
243
267
741
246
771
375
243
303
315
300
978
1992
249
243
297
354
309
192
1821
216
231
282
378
255
252
222
306
189
204
195
207
372
510
474
228
417
276
249
687
1224
249
246
273
279
1266
249
261
264
315
204
255
255
198
510
216
207
198
234
261
237
603
1749
543
420
243
336
228
297
318
351
438
963
192
564
264
234
276
222
210
300
429
315
414
213
228
192
255
207
327
291
486
516
207
243
225
267
348
414
231
240
456
297
222
321
723
282
687
834
222
351
294
348
300
1038
261
234
321
249
456
258
252
252
1011
1704
225
309
231
237
204
450
258
426
1179
1158
363
2070
357
321
2295
669
525
519
357
219
606
201
900
237
243
1722
405
252
282
204
291
348
276
198
279
246
213
507
219
462
297
288
696
354
360
306
225
363
492
294
261
462
1344
372
204
270
510
591
210
411
240
441
2451
300
1062
282
570
288
279
222
219
294
192
339
234
195
315
297
324
957
354
219
264
534
2262
2298
435
207
291
318
1851
231
555
732
201
1125
213
1296
192
438
222
813
252
510
1689
1680
300
240
2355
360
222
318
297
231
1749
360
663
228
306
222
291
807
387
234
288
894
267
270
282
837
384
228
315
360
282
240
222
231
216
297
4569
480
420
198
225
402
249
246
261
660
438
1890
195
225
393
261
573
663
321
300
447
366
273
201
243
402
339
225
318
234
219
330
297
219
1002
219
249
351
276
213
384
243
861
270
573
270
414
444
198
1032
630
201
228
714
231
1098
222
309
201
240
738
267
324
300
606
294
219
267
2124
579
285
264
210
267
207
309
261
267
303
228
1263
783
258
264
231
1773
285
294
243
243
270
531
666
237
240
2172
315
375
192
282
291
282
318
528
222
309
237
213
246
270
249
483
336
279
207
321
204
294
414
375
534
324
282
306
204
240
885
315
267
279
225
324
366
234
411
348
693
600
264
195
1614
210
201
207
273
330
201
282
1386
210
519
213
207
2187
210
255
219
270
483
213
477
276
1185
189
192
2145
399
204
252
216
450
195
240
756
354
249
309
684
432
393
288
354
321
525
297
204
225
276
255
207
240
225
2757
333
528
192
243
237
351
225
204
1254
519
2589
255
666
258
222
567
228
288
696
276
231
354
333
651
285
1266
291
234
336
1269
423
279
309
621
240
240
276
312
372
315
588
237
600
858
243
369
255
537
492
933
279
252
267
297
225
213
4044
207
216
582
417
507
363
273
438
396
285
348
309
384
225
858
417
225
189
1143
366
384
360
237
402
270
522
201
372
456
276
237
2052
315
2430
366
261
249
219
1485
282
309
222
231
237
387
348
264
309
312
255
984
228
249
192
372
255
558
921
441
222
207
255
207
483
198
540
285
435
312
543
255
438
222
219
195
225
336
318
1647
279
312
2574
312
279
537
210
243
198
273
213
525
249
258
1284
303
360
1077
405
345
237
486
396
378
225
399
399
243
198
1053
258
222
207
711
234
318
216
225
252
243
243
411
294
1623
318
240
189
249
219
246
369
336
462
231
216
285
240
495
237
372
228
717
660
1125
258
285
582
324
231
228
456
240
240
453
1698
429
480
249
246
243
534
441
231
330
975
246
201
249
945
231
747
234
282
312
327
1272
252
327
291
213
237
339
1038
501
543
912
222
213
342
1467
312
393
1353
417
210
306
255
345
204
195
192
339
483
864
222
267
438
279
306
240
648
717
258
330
246
300
213
231
300
987
369
483
3519
222
528
234
516
354
291
228
378
198
228
234
444
318
258
351
279
297
255
1014
255
216
255
351
819
399
234
258
213
318
381
483
270
267
201
504
237
252
1155
240
342
231
738
1374
201
285
660
276
246
411
471
288
189
1206
258
240
666
717
900
246
1131
252
300
423
426
699
627
285
234
342
216
351
447
909
273
276
318
291
273
432
345
390
651
624
570
849
246
327
423
198
747
303
264
1305
210
192
294
282
285
279
267
222
195
207
339
360
219
222
297
825
246
711
279
417
240
291
438
312
336
225
675
201
555
1083
210
447
354
228
1326
327
195
576
465
1599
447
285
243
462
213
237
282
1575
270
189
216
1080
363
297
327
258
405
465
312
294
975
318
204
273
726
777
246
282
291
294
234
1701
234
222
309
210
393
201
1470
204
258
195
240
1110
273
2925
402
345
222
360
399
405
546
318
834
327
213
1704
594
219
1098
342
945
279
249
699
279
351
195
471
204
294
294
237
357
411
1122
294
267
249
306
222
270
255
222
270
312
207
1251
225
333
219
300
225
243
264
228
213
246
249
225
1434
291
780
1818
216
267
252
297
1461
273
471
3792
216
216
231
207
330
369
414
1560
279
324
681
387
801
672
396
372
762
447
270
390
885
513
240
228
243
282
204
402
1038
234
909
255
339
336
189
216
228
222
243
582
2712
1818
195
444
321
330
471
963
1032
228
216
237
267
258
1023
216
225
276
1464
231
330
309
396
204
228
840
219
423
225
771
378
219
558
240
300
246
351
897
231
1362
261
1692
198
189
252
1572
591
261
237
279
210
252
921
210
279
672
201
228
252
321
201
942
204
402
768
309
210
2697
423
321
273
300
261
504
231
234
234
249
282
240
228
351
252
219
264
231
306
351
408
222
654
264
1176
213
231
819
255
378
285
213
288
315
2082
246
222
207
468
402
222
204
498
198
294
270
273
273
786
846
279
825
207
378
225
354
246
321
504
201
234
336
507
195
270
270
252
345
339
225
1509
525
489
390
282
270
570
381
213
231
321
351
357
231
270
1311
375
318
543
1269
210
273
291
1014
246
348
342
216
216
390
459
327
1740
216
192
204
240
333
336
495
1083
885
234
807
276
498
1065
285
2505
342
267
405
198
219
708
597
216
240
225
978
279
222
252
285
204
1068
231
261
1569
234
384
522
228
243
207
258
204
240
810
258
198
258
1665
522
399
1092
213
228
252
213
375
264
276
222
201
204
510
816
318
261
255
396
213
291
342
270
1521
189
348
306
210
624
234
252
627
291
225
1335
231
297
429
300
255
390
219
246
315
228
402
273
240
297
873
276
210
444
249
222
342
753
270
225
207
426
327
870
225
588
192
753
294
234
294
228
189
1476
198
285
234
636
309
309
297
375
255
3402
1113
255
1080
789
231
258
216
306
276
597
366
240
204
324
264
1155
210
207
210
273
3534
213
507
324
300
189
561
474
285
228
276
252
282
216
210
264
306
315
474
195
417
198
999
216
321
258
348
2346
267
372
423
330
285
231
324
381
216
243
441
213
234
309
318
375
825
339
414
246
399
261
201
192
840
243
318
396
306
1380
285
264
306
393
267
204
213
684
324
204
294
204
411
207
234
1179
498
240
219
288
249
363
393
219
276
192
273
351
402
300
273
420
327
213
1431
213
747
279
615
246
339
276
255
216
252
744
810
213
1485
822
231
636
255
228
258
225
1680
276
450
405
261
450
1194
1362
333
207
216
204
255
1725
243
489
255
285
240
237
237
1131
309
219
258
336
195
195
228
705
234
339
1212
195
192
1497
249
324
285
375
576
321
216
2034
339
336
354
198
246
291
1443
489
834
219
1155
285
447
276
279
207
273
327
399
264
228
411
465
255
267
264
237
441
441
324
225
240
510
1098
465
249
216
282
2055
1212
252
231
303
216
795
309
243
261
411
870
294
921
252
219
198
207
729
321
471
252
750
249
510
252
1578
672
243
222
3807
222
234
273
237
279
330
504
231
360
300
249
648
264
513
198
234
222
240
210
201
951
279
231
1611
258
231
201
786
207
243
249
273
348
492
246
264
246
462
363
339
399
927
273
336
297
291
309
285
189
234
342
1032
294
246
411
204
468
243
264
2424
417
312
273
261
330
495
306
198
219
255
231
387
198
267
228
276
324
279
198
207
330
288
1755
357
210
771
213
2280
234
216
282
213
990
270
516
213
249
204
201
222
258
360
219
300
267
702
225
276
489
234
258
201
222
210
234
228
1629
219
324
987
1605
426
435
351
366
525
312
1047
375
228
219
204
339
402
381
219
210
978
252
1473
414
228
237
204
258
930
333
258
273
1458
225
396
1152
423
330
252
312
261
456
291
468
939
228
303
438
408
252
948
237
2148
240
501
240
234
774
234
708
399
315
198
225
210
234
1287
198
306
294
216
258
600
597
207
249
237
222
720
573
237
249
468
207
234
213
210
234
534
357
276
276
222
237
813
207
327
213
225
228
225
312
327
279
204
294
294
420
267
246
234
210
393
390
342
249
1056
297
234
399
705
390
222
1197
225
375
357
288
222
345
216
372
345
570
765
255
303
387
231
231
219
219
630
324
2430
234
297
366
246
765
252
426
204
315
288
363
1323
282
249
1299
333
324
285
336
300
270
339
873
204
267
357
237
1146
303
219
492
435
309
426
324
288
486
231
303
408
219
294
732
252
249
198
1422
216
309
207
411
189
237
402
345
810
360
297
963
276
270
1422
234
198
543
258
360
465
354
450
375
246
1308
1398
201
243
243
363
297
258
234
282
273
237
1986
408
303
195
264
1086
396
204
381
234
288
255
270
288
258
504
294
225
282
414
204
306
348
1392
1059
288
624
258
285
699
201
1551
231
465
243
342
711
429
252
300
231
252
240
252
405
246
657
417
270
306
321
240
249
360
630
294
255
231
333
207
627
252
270
264
1134
366
219
387
234
348
327
237
324
312
276
4680
291
219
249
276
306
279
306
303
294
294
405
261
321
393
255
360
861
225
282
225
228
279
1173
249
207
201
993
408
216
297
1173
255
660
1395
561
237
546
1293
216
261
363
351
300
1611
288
816
318
798
210
327
276
360
507
327
381
219
339
237
291
219
204
1629
246
870
249
306
321
222
429
282
225
204
1317
255
252
756
285
207
348
414
192
249
288
477
213
396
405
354
219
390
210
1122
285
429
303
1335
252
891
249
447
441
198
480
270
273
330
1014
252
906
423
435
213
975
222
240
405
204
312
1293
294
363
309
204
2475
420
267
231
213
279
270
1203
414
198
288
237
231
258
240
486
288
198
312
1071
276
300
303
396
492
315
486
828
237
342
402
222
333
1938
507
261
258
258
324
486
240
1488
228
270
408
294
270
243
219
306
237
231
270
417
207
210
288
198
231
441
279
285
225
228
300
468
234
330
426
216
369
867
231
309
225
225
999
309
501
675
336
489
237
1023
282
225
213
1377
309
231
225
366
246
282
231
1047
324
225
195
264
222
1257
213
357
315
342
279
210
255
222
309
297
1572
255
348
795
246
228
261
378
342
231
357
588
300
501
1173
348
207
327
2025
414
375
234
246
546
1056
192
627
225
438
579
393
240
255
579
204
201
303
246
480
1203
225
189
282
690
255
798
990
360
1008
261
207
543
279
390
312
228
432
1104
963
273
201
369
246
459
381
228
288
243
201
912
753
324
1956
240
669
333
282
276
303
1671
309
222
246
519
231
852
255
240
321
387
1218
207
330
210
282
264
273
513
396
261
219
240
516
300
231
216
1491
471
345
225
1356
414
258
216
291
264
228
309
234
204
261
216
297
324
219
708
237
534
447
264
1380
294
375
303
888
225
222
324
246
261
405
417
993
231
303
423
1014
807
312
864
261
342
471
216
222
576
426
828
291
600
252
342
303
417
228
195
201
210
249
237
897
228
258
435
261
369
582
219
2688
438
261
294
240
402
357
291
255
675
213
228
876
216
288
348
699
225
786
243
210
336
699
669
405
219
318
1287
618
678
222
363
279
1491
993
309
333
933
255
429
1584
297
420
246
327
1095
189
261
420
267
222
357
1338
216
306
261
837
210
363
642
192
237
228
633
543
768
783
516
354
321
1188
402
216
219
237
612
237
204
219
312
390
840
291
363
393
258
261
384
354
384
1113
213
252
273
213
1743
285
276
291
300
306
1203
216
288
720
561
210
597
258
216
465
336
369
327
243
228
456
342
294
255
330
237
225
462
285
267
237
1002
525
309
477
1026
219
195
261
429
1584
249
204
345
471
561
378
282
234
357
225
516
306
249
300
705
213
213
594
333
306
1854
333
357
327
192
255
786
300
819
315
237
441
312
249
210
204
345
399
252
678
309
1536
390
216
222
366
225
213
288
288
324
1251
222
297
309
249
342
684
327
519
324
348
330
210
225
258
312
219
207
303
1005
246
312
231
246
1461
345
219
321
294
198
486
462
483
1161
888
258
1107
372
234
669
348
231
393
963
342
279
981
339
285
216
396
219
849
246
288
243
270
930
390
204
663
237
1461
294
237
267
387
594
627
231
240
417
255
1485
204
213
1011
315
357
255
636
219
690
267
381
345
195
231
414
246
210
198
414
390
303
204
237
255
309
285
348
795
243
1347
1635
231
369
282
276
279
747
330
312
312
225
405
315
270
267
210
957
333
309
216
945
201
1119
306
201
654
312
264
297
300
252
252
483
261
555
222
324
411
207
306
654
291
267
3345
249
309
366
225
231
402
264
249
264
1563
234
243
297
300
216
540
198
402
450
390
399
294
246
282
1215
270
306
225
510
1062
201
213
222
213
222
282
828
240
213
198
993
315
234
315
216
264
384
1113
342
216
699
228
324
363
336
855
300
456
213
654
243
282
1020
231
1242
225
312
282
1026
312
264
375
213
501
225
1128
594
1014
294
270
204
222
258
600
228
279
924
201
534
207
216
270
993
1443
228
303
255
261
354
204
1374
753
258
321
1518
342
276
687
219
333
369
1437
285
420
504
219
213
399
216
240
213
300
852
246
342
294
225
321
888
300
336
207
558
444
804
1317
432
291
240
252
213
303
234
660
588
228
384
498
204
651
1182
210
267
201
321
327
501
297
291
228
234
288
219
366
216
3369
252
540
474
201
297
201
339
240
438
345
450
1587
231
318
282
207
207
297
1968
291
522
858
222
681
300
441
294
339
294
333
369
3078
360
495
306
441
468
192
234
444
321
267
414
219
819
312
288
1431
1104
357
240
273
201
300
219
318
225
216
264
309
483
285
222
1008
309
207
312
339
1077
1359
351
237
318
1275
237
264
201
291
201
1218
237
318
372
462
216
1038
561
246
798
333
837
333
228
255
243
243
279
333
306
219
336
342
861
264
357
654
216
312
222
219
195
327
273
576
285
225
2049
261
216
276
225
555
231
882
327
261
207
225
375
1038
267
240
276
465
3642
195
255
384
378
1248
333
222
216
237
330
1365
402
492
276
204
222
546
771
279
1707
228
228
354
204
339
927
426
282
219
330
1164
408
534
351
231
219
948
237
1179
2412
585
213
342
249
213
309
246
318
234
225
213
624
627
465
240
300
405
234
207
1356
297
297
249
321
459
252
372
264
288
564
324
228
291
387
216
450
204
1452
231
831
285
210
1026
210
387
468
549
318
1053
294
669
306
882
264
267
273
510
192
201
276
1488
312
441
450
264
192
1092
207
606
279
285
246
1107
291
222
324
225
978
351
231
243
711
279
1284
408
297
426
540
219
456
270
975
234
240
204
285
1740
318
246
849
375
1161
318
396
771
828
1479
339
252
246
282
216
1023
243
210
444
216
279
213
591
192
318
426
1842
294
234
204
1095
213
1203
315
189
216
255
471
216
345
285
480
774
1827
228
219
225
438
228
1038
264
342
285
213
345
210
2577
216
318
339
309
195
312
297
375
252
276
297
1065
210
303
228
2274
249
756
294
204
249
261
231
234
360
261
255
264
804
423
420
369
669
900
207
231
417
234
237
204
444
366
939
255
366
282
237
294
294
1674
267
198
300
315
246
210
402
534
285
207
345
429
261
366
246
1119
222
252
321
258
231
447
222
438
384
2889
345
261
267
198
402
1575
387
282
666
804
486
228
312
1398
222
285
249
456
210
804
228
312
345
1650
306
351
267
303
240
600
285
201
288
249
192
924
309
282
261
306
312
393
468
378
438
1029
984
252
249
213
795
255
288
210
192
255
237
282
195
612
2358
1290
201
303
810
357
243
654
1137
477
345
228
1653
264
354
189
396
1524
405
255
279
240
321
336
261
417
909
456
234
198
486
396
258
216
324
219
1236
204
297
1221
270
198
234
279
237
654
366
297
270
246
243
972
222
246
360
1986
234
369
213
282
282
288
330
369
228
255
450
213
351
471
684
216
303
1398
255
1173
207
825
306
219
276
2055
384
531
300
357
345
207
240
243
387
402
474
258
255
231
1221
288
1749
333
351
201
207
201
228
240
1053
321
207
255
234
744
540
240
1464
249
345
225
294
252
651
216
240
312
411
588
1149
339
225
189
399
267
513
339
255
408
366
348
258
243
540
519
207
297
1371
267
327
249
1422
300
222
513
693
1896
1515
267
330
678
228
447
297
300
276
1269
198
432
261
630
228
288
252
219
225
696
573
297
459
294
249
300
2292
219
507
219
609
204
600
297
243
555
297
327
675
495
222
435
276
255
282
459
819
471
228
630
387
207
1533
957
228
195
258
312
441
204
654
204
261
369
303
744
309
273
219
264
225
525
273
561
1020
306
258
276
1164
720
294
300
402
216
216
351
345
243
1308
1221
246
222
2076
255
540
237
483
273
219
822
210
261
489
330
462
237
453
639
330
720
1293
297
387
195
318
255
345
534
756
909
201
201
774
261
345
315
585
573
525
207
489
2232
237
216
432
1410
288
288
228
267
399
1374
336
1098
204
234
774
207
285
309
336
405
1197
351
252
330
231
249
330
399
228
444
198
231
783
303
612
261
861
327
333
279
495
252
228
249
213
384
309
237
261
252
426
267
1422
420
384
210
1686
237
372
369
1173
225
219
333
192
198
228
285
399
234
210
555
261
288
282
999
375
246
525
261
303
321
1725
333
258
342
303
792
321
870
216
2520
294
333
219
252
300
276
267
318
513
408
432
249
825
216
204
210
243
300
267
987
693
210
318
1260
381
270
354
276
330
273
207
300
282
1245
903
207
312
219
243
219
204
366
207
228
327
264
396
249
429
399
402
1275
375
198
423
861
819
936
1023
252
276
408
2151
381
720
393
300
228
471
327
483
405
810
201
339
216
531
366
1737
444
228
618
345
246
879
360
384
846
339
198
249
369
306
426
366
225
198
918
240
312
930
1026
390
207
255
561
261
561
537
252
1428
252
1443
321
222
213
402
984
369
474
348
525
537
255
903
195
294
384
903
213
249
303
255
240
228
195
258
381
423
207
216
312
282
348
261
246
447
594
339
213
297
396
420
459
267
960
258
273
255
783
1242
222
351
465
216
294
234
366
318
840
378
396
222
1452
639
288
219
459
426
1314
225
288
210
249
516
357
579
231
216
231
261
978
201
327
2100
312
774
297
267
351
219
231
228
603
330
201
945
222
279
297
405
333
237
390
282
237
273
375
297
285
228
741
459
243
213
264
237
909
312
630
201
195
276
213
249
216
228
906
249
639
234
315
336
312
2118
306
246
273
327
354
255
225
540
210
318
261
591
1662
201
282
435
297
327
225
396
336
237
753
255
555
456
342
222
459
348
210
303
1080
249
435
1593
222
399
246
393
351
396
1368
195
231
360
666
207
213
312
225
234
2085
282
438
378
2250
258
255
204
210
330
258
201
237
303
261
240
417
705
888
225
738
1536
387
1401
237
285
210
252
345
297
330
411
477
285
1134
636
201
213
291
195
255
576
234
285
261
273
462
282
345
270
267
219
600
411
375
243
270
411
249
204
375
327
363
450
327
414
555
201
333
1239
981
249
240
492
246
300
825
255
402
360
243
243
327
213
288
225
288
237
1398
285
222
210
303
348
204
549
273
213
297
1212
264
279
264
219
354
330
1023
888
1527
243
576
201
243
216
423
243
279
285
339
207
213
555
297
228
279
264
300
288
495
1254
213
468
195
246
216
303
1320
261
345
258
288
375
300
282
207
240
732
264
234
1500
513
372
357
288
210
393
300
1167
366
342
1164
288
405
207
252
219
246
561
249
252
666
237
207
630
708
879
258
264
261
750
330
414
372
330
990
258
1809
324
198
360
492
261
249
225
1197
453
258
714
462
579
453
282
252
489
1338
384
378
960
357
591
228
519
513
417
309
276
411
234
447
318
246
225
588
471
315
267
369
1392
432
204
240
228
219
456
333
207
225
201
309
468
213
879
369
2601
276
426
207
381
285
201
282
213
213
525
225
690
483
237
1179
240
417
342
279
321
1152
258
234
519
264
204
1245
216
300
249
204
243
498
447
243
234
207
315
1410
570
237
234
444
261
255
1377
270
228
423
222
1053
360
303
195
375
399
495
330
237
1308
435
201
267
345
231
1428
306
339
2211
309
327
213
300
204
1107
249
258
918
309
240
393
1014
744
219
423
720
210
291
468
327
669
207
573
474
303
243
1743
288
600
561
219
495
273
234
318
222
255
4725
237
636
210
240
891
261
486
333
345
189
264
804
213
351
591
357
378
402
267
267
273
207
303
453
249
1509
213
384
693
222
339
507
309
333
207
483
234
261
444
699
255
369
303
486
210
474
438
237
276
507
1068
282
309
222
294
435
324
213
297
255
219
393
552
213
243
237
999
1197
1572
288
240
213
516
372
234
1623
519
246
282
237
495
264
243
669
318
444
474
213
216
345
213
510
285
240
228
513
1224
210
582
189
216
363
198
303
285
198
798
252
261
315
309
450
393
315
339
270
1452
264
366
1155
285
288
351
342
225
2460
192
312
339
576
267
273
363
432
276
309
348
1464
357
246
279
255
360
204
285
486
258
315
369
411
384
252
480
552
351
1866
495
354
627
969
345
195
195
372
231
342
471
657
531
633
438
411
549
279
390
411
483
237
210
264
402
207
438
333
267
276
252
237
453
471
297
2586
219
597
282
339
351
246
210
921
471
1242
228
258
711
213
366
270
210
204
450
384
357
447
666
234
837
204
228
222
240
441
729
336
384
228
234
453
282
213
303
930
330
540
249
300
354
405
390
288
420
933
258
444
615
693
291
1104
504
1569
195
219
216
2712
219
225
411
201
423
789
222
315
336
1752
1152
204
213
1806
369
438
327
267
228
198
201
264
300
342
249
588
402
927
222
261
789
213
243
219
1431
249
231
411
255
750
438
354
921
306
252
1356
288
309
249
285
369
219
270
195
324
363
297
948
324
1317
267
255
249
657
819
198
252
441
234
270
216
2286
468
288
318
255
210
375
1320
207
222
285
2766
273
291
243
237
300
273
420
273
1392
315
195
342
1362
342
405
525
201
213
288
339
288
918
357
339
252
231
558
270
228
360
342
258
189
225
354
345
867
285
1176
264
219
573
243
213
1332
324
231
306
198
219
324
207
282
405
1119
297
228
219
276
414
936
213
282
309
1245
765
510
210
282
846
243
693
321
222
621
282
207
264
1344
498
336
237
264
210
1986
288
510
258
462
267
225
309
291
300
216
363
339
411
282
288
3381
564
294
288
237
261
276
270
312
327
531
297
843
246
246
285
273
333
276
879
360
312
258
195
255
381
264
198
267
210
210
198
243
705
747
210
318
294
219
312
207
360
222
1224
219
297
243
321
255
276
228
207
414
1056
201
525
1293
258
426
966
321
240
981
216
243
258
207
234
771
426
255
246
393
1227
510
219
1242
420
732
465
459
228
582
306
288
288
258
1014
555
222
324
303
411
189
345
789
228
381
2328
270
237
228
336
234
360
252
237
894
282
1800
279
204
276
354
363
1230
204
246
603
291
270
243
717
1230
444
261
1458
351
315
231
198
372
1788
384
327
228
369
777
321
201
264
624
216
321
231
246
273
204
249
486
315
1422
219
225
246
258
342
234
1449
228
216
330
417
264
249
225
300
252
387
309
648
321
384
555
1419
219
1032
276
273
240
306
294
474
198
675
300
462
207
237
195
240
663
222
366
213
588
555
243
216
2919
198
306
219
369
282
393
261
198
315
312
306
387
264
282
1551
708
204
288
366
402
414
825
303
255
309
240
276
315
315
369
594
252
1011
225
273
267
270
534
459
876
270
1605
303
276
225
243
756
333
651
276
339
306
375
1164
207
330
1242
198
420
315
249
252
387
774
288
279
231
531
225
489
705
228
207
252
1299
435
210
354
324
249
306
360
243
1047
969
222
195
312
1998
600
426
459
408
327
291
651
231
270
426
360
204
801
600
201
963
306
336
222
546
279
333
303
393
1161
459
276
342
306
1059
951
195
252
216
198
210
729
237
315
387
321
204
336
237
1140
258
267
195
369
282
351
465
288
447
1107
279
321
213
564
228
276
261
489
216
444
387
2238
246
240
306
213
399
228
267
261
210
510
309
414
234
237
282
960
312
4653
342
714
207
315
1722
297
237
303
453
204
243
243
495
240
336
279
252
240
1455
363
414
1068
405
231
195
441
243
279
843
297
1179
216
237
213
375
264
312
474
216
264
192
348
738
234
1503
555
1914
264
1017
198
192
513
564
252
261
423
249
564
279
207
312
273
1725
405
1050
1233
270
231
1221
519
195
609
192
243
450
216
252
291
258
741
297
462
267
252
1080
381
198
309
219
201
258
291
240
432
351
264
243
222
231
192
405
219
273
246
225
1173
201
291
1248
366
294
435
327
360
291
564
240
414
399
195
294
276
270
330
1692
393
273
267
195
720
327
288
420
453
318
543
474
279
336
345
270
690
345
375
273
354
216
387
426
213
255
345
189
222
225
657
1542
519
204
486
441
390
207
252
216
315
219
330
372
243
411
303
207
204
2484
246
252
765
1083
228
1680
438
249
558
300
213
1452
282
345
471
3048
225
396
339
297
1323
279
291
276
675
234
195
1254
219
261
222
840
360
243
216
189
303
495
228
939
234
354
300
351
633
450
1614
258
354
270
1035
204
270
393
255
261
426
1758
198
321
237
354
261
207
480
282
228
798
408
216
264
267
321
321
1539
336
333
1515
210
231
315
279
378
279
267
381
237
528
339
219
270
351
651
297
291
345
261
309
2388
408
450
393
339
237
252
234
285
246
2046
204
240
363
216
426
321
1260
213
321
207
252
345
252
258
735
1020
444
246
975
231
318
348
1257
489
561
321
318
576
363
1515
228
321
267
1089
237
474
894
315
204
279
216
387
399
249
600
204
333
285
222
1056
225
210
252
276
207
966
297
288
384
756
204
336
1338
246
258
234
1461
342
273
252
225
633
246
348
1266
579
924
204
276
216
255
954
288
360
207
237
288
576
417
1242
327
252
234
462
264
246
786
1371
228
351
309
270
285
258
261
837
291
408
1299
285
219
390
234
597
450
486
243
318
1158
240
486
333
318
558
516
1017
228
285
216
273
264
201
2607
228
300
339
249
621
261
537
408
246
231
237
243
453
201
270
237
297
306
573
390
279
324
324
297
507
246
258
609
363
606
897
210
1029
252
270
450
222
237
540
213
954
201
351
255
1491
207
276
381
222
207
471
1773
2697
294
243
372
615
426
438
1485
1515
315
492
210
450
1404
1137
237
1662
291
231
321
426
1389
363
711
243
198
255
1959
1683
252
630
219
321
306
327
1443
282
240
900
228
195
330
261
609
306
1023
231
435
228
228
297
1260
456
387
267
198
558
273
225
516
243
858
423
813
276
411
219
261
261
312
573
525
732
399
297
246
264
375
510
570
315
306
276
252
267
516
900
279
315
693
216
762
258
225
267
696
252
318
2349
303
228
219
201
216
276
315
681
282
363
315
738
249
354
204
396
285
432
294
327
852
1431
207
219
2412
210
318
216
240
501
1026
264
297
375
213
255
831
231
210
213
921
228
309
285
282
234
1599
372
243
237
945
609
1431
225
447
636
192
672
237
378
378
438
516
1194
243
273
291
306
1422
714
348
303
465
207
1014
246
477
237
285
324
219
285
195
2004
291
210
303
312
201
282
285
216
300
342
333
273
264
330
351
195
312
231
603
261
363
228
255
258
261
345
216
333
237
234
1506
366
279
429
678
1107
240
1170
777
231
195
1977
384
204
207
270
984
204
231
213
573
1392
981
216
315
282
1488
243
249
267
654
900
291
486
291
969
807
312
276
225
252
669
219
279
660
360
3111
441
222
264
240
228
318
282
225
393
294
231
312
1053
255
276
252
276
1113
234
543
303
291
447
432
282
228
456
267
333
207
288
321
222
201
423
195
303
810
219
228
849
627
228
549
288
486
558
228
1071
210
234
261
1398
303
315
444
237
498
219
210
408
219
303
1038
507
336
570
654
204
213
504
381
369
204
231
516
267
462
288
246
216
714
537
228
789
363
546
372
693
597
357
570
414
462
483
426
234
342
1074
843
282
282
615
231
657
642
339
276
369
195
294
258
234
258
258
351
252
222
1491
321
213
216
375
279
534
216
540
666
447
1029
243
321
225
543
300
213
267
333
645
252
207
450
189
555
315
474
303
378
705
204
234
378
309
210
246
1842
231
243
300
267
294
261
261
228
207
246
588
291
210
216
249
303
897
264
216
264
300
252
639
201
2112
213
441
519
288
1236
465
264
636
261
582
426
339
204
267
627
228
2586
270
1557
339
264
480
210
1392
582
444
276
282
756
339
1068
207
978
261
303
771
216
300
237
348
375
195
252
1341
408
198
207
378
219
441
234
210
324
399
951
222
384
333
531
303
408
510
213
915
297
264
339
285
234
762
342
219
363
756
243
897
360
231
384
222
738
1317
246
264
279
708
408
456
279
636
258
336
840
342
516
2586
228
285
288
216
300
192
207
204
339
366
474
774
234
240
429
276
225
363
279
243
1752
297
207
1695
678
258
225
1356
222
240
219
459
294
246
204
624
291
234
2361
291
354
357
498
231
297
339
282
318
240
888
255
273
792
207
255
303
240
585
408
1332
741
237
231
222
348
528
489
231
1287
219
228
405
300
261
336
315
216
294
285
267
1020
279
210
1131
231
219
249
213
390
423
759
219
465
843
438
282
324
213
222
222
342
273
279
552
237
474
237
402
1536
249
201
246
273
222
246
252
336
321
336
2127
291
348
276
225
201
543
450
297
468
231
234
369
1239
231
222
309
597
252
1344
306
747
561
384
246
324
294
261
210
288
600
285
273
213
492
309
525
312
384
510
462
1119
228
312
1116
240
354
330
534
951
207
234
219
339
336
324
309
231
537
1362
246
255
327
204
939
690
408
660
318
273
474
228
297
321
1182
264
288
255
213
777
1089
237
204
195
654
396
342
369
243
249
249
2262
210
384
294
309
576
267
279
267
681
201
246
1314
384
210
483
252
1179
198
303
435
642
213
273
231
327
1008
324
204
336
354
603
285
807
828
1071
246
243
204
363
414
306
213
786
528
684
315
345
405
222
276
210
195
366
663
2760
333
612
258
360
342
267
534
252
243
474
1329
216
336
399
213
300
411
312
213
270
378
492
366
246
1554
237
198
300
2130
387
879
297
333
309
981
507
321
498
234
222
603
210
207
249
210
312
807
312
264
522
387
192
351
240
204
243
345
582
288
273
300
1194
255
357
189
282
3138
192
252
486
231
459
201
363
234
675
1545
276
324
207
306
225
222
198
192
1704
222
288
363
432
654
255
402
1062
201
231
1359
213
369
330
213
2094
375
213
699
339
264
537
543
252
372
282
1308
240
237
306
270
1509
237
267
417
198
900
282
2070
285
225
249
321
1008
231
315
675
522
207
438
1113
240
456
264
2445
339
261
417
435
261
396
246
195
285
387
1635
249
297
231
1743
384
270
372
243
324
1026
453
483
234
393
459
288
210
276
231
300
207
309
1638
192
381
354
456
579
414
1773
249
204
240
228
246
315
270
270
261
804
321
219
354
216
1152
273
222
672
255
198
327
339
540
906
429
396
1134
468
348
1419
405
252
195
939
303
258
252
246
1014
210
441
279
258
213
1071
246
231
387
237
222
225
396
240
213
243
249
255
2058
330
372
267
354
1365
240
219
258
435
375
489
888
324
336
279
372
216
231
225
360
471
240
300
999
249
240
270
261
1500
327
270
675
306
960
723
309
288
279
480
309
204
1224
198
231
354
234
492
249
1188
249
240
261
1878
300
276
543
258
270
324
243
240
327
4137
243
204
213
300
291
297
303
315
213
873
204
219
276
243
204
252
420
2031
228
273
1470
234
423
411
600
426
306
876
264
396
1263
195
288
483
264
231
825
276
456
324
267
198
339
264
582
291
324
459
270
201
948
291
936
213
369
243
231
1095
231
414
1035
252
243
234
270
528
219
213
486
336
1269
267
225
228
942
720
1035
1053
1131
210
972
798
225
1140
348
1122
255
213
561
660
348
441
837
309
435
258
246
309
357
294
465
294
684
234
291
363
795
534
876
567
297
264
1704
255
255
276
195
243
2127
288
696
267
2256
264
285
372
561
339
348
507
258
432
330
222
408
300
213
489
387
252
204
471
516
333
273
240
216
1194
219
279
309
348
330
888
207
282
261
234
1401
297
357
216
444
525
243
240
258
264
246
1800
300
276
234
369
450
210
381
414
243
354
219
1668
438
330
228
246
249
666
216
213
237
1794
465
228
372
234
540
225
285
303
267
240
306
450
474
360
216
273
279
234
450
369
606
225
258
318
357
459
303
306
246
396
510
354
282
213
894
255
1701
351
216
315
234
432
426
228
1254
495
270
273
381
366
360
249
1170
327
252
258
630
240
510
273
222
264
288
294
303
549
246
243
753
207
258
540
219
1125
1125
360
273
231
348
417
297
351
285
1224
291
1470
267
330
243
1440
588
225
1278
1179
315
282
297
498
402
273
852
210
231
273
588
1341
537
270
519
276
480
636
252
378
636
1626
243
222
333
1974
210
237
210
777
819
249
192
339
795
984
222
315
240
210
501
264
1425
510
360
762
237
642
228
240
315
894
207
1737
366
231
240
777
297
483
285
258
837
264
216
228
204
666
366
240
264
1950
240
252
267
459
294
240
225
243
996
276
483
396
348
255
1575
321
231
267
237
1872
279
312
456
312
225
1521
291
339
441
189
528
402
993
198
240
996
201
201
489
714
315
207
258
309
195
225
207
243
246
252
267
456
873
390
378
189
291
450
561
243
195
351
330
192
267
240
285
1641
324
294
213
267
357
987
288
231
240
1704
1182
306
306
2124
555
195
1554
249
411
318
357
1296
204
399
390
225
414
276
228
1155
327
339
222
228
468
225
1206
249
1275
240
288
411
252
243
192
900
510
714
297
396
1164
447
360
207
675
1266
243
1086
1461
309
339
201
750
480
255
1470
771
240
366
195
324
324
225
258
1680
303
555
294
219
294
201
216
189
1422
258
240
333
321
1203
564
462
318
375
324
273
240
342
2595
402
267
225
219
342
210
357
636
243
828
237
903
231
198
405
399
255
777
2550
318
396
345
249
225
237
390
798
969
306
942
309
198
240
1899
246
525
237
645
258
267
639
237
321
207
366
1038
198
249
975
204
336
963
210
309
534
408
399
369
339
771
375
387
483
549
261
897
312
789
819
354
261
285
1449
330
243
405
192
771
333
315
402
552
303
1677
273
276
231
519
1095
321
480
318
246
921
297
243
270
363
447
273
747
219
195
237
255
2385
285
243
1335
1086
225
1497
282
246
234
246
231
195
423
225
225
288
252
267
378
264
201
441
210
1005
630
639
456
216
318
249
2805
192
501
501
492
249
225
264
213
306
231
249
288
333
318
273
225
231
504
252
321
1254
267
1413
396
465
264
225
330
1833
1554
222
246
252
753
207
1299
255
768
1446
345
318
1431
270
2091
873
210
261
237
273
231
210
252
243
891
282
363
204
450
906
225
237
819
225
261
627
246
261
1089
228
306
270
1017
246
234
204
258
531
243
240
204
822
915
237
2463
906
297
369
345
234
390
327
612
297
315
327
1065
276
213
1770
228
309
1146
219
324
1482
291
459
360
237
996
312
270
321
699
1446
228
1503
336
270
312
339
1104
558
363
240
408
195
684
441
297
261
294
450
240
297
207
363
246
237
201
300
270
375
810
243
303
213
474
267
306
234
339
276
291
210
240
294
249
237
507
1614
273
228
288
888
294
516
537
255
963
225
1341
390
1209
471
216
987
234
237
399
2358
768
222
228
327
426
366
564
249
276
207
264
696
309
273
1386
348
237
306
273
348
228
405
309
468
894
276
375
252
276
360
495
195
216
372
258
741
264
2529
210
330
336
372
315
1293
195
789
255
258
396
267
2526
633
225
237
408
228
258
273
459
861
1782
306
231
558
297
306
2697
366
456
336
315
300
279
297
384
252
294
288
477
363
228
228
312
339
192
243
258
414
294
201
414
297
357
318
207
531
453
234
234
312
252
201
1149
261
228
531
195
432
231
309
195
423
321
333
243
246
252
267
456
228
363
345
372
1056
990
264
204
255
240
264
1221
504
471
219
555
492
1356
270
210
243
264
516
405
195
1125
4092
258
3009
225
228
360
261
312
288
273
369
264
258
204
1488
222
234
438
318
261
312
858
291
735
525
294
810
228
204
216
291
234
357
261
1077
303
390
279
357
357
312
600
627
282
297
420
1437
225
303
1338
966
324
1290
900
543
300
1611
240
243
258
231
207
243
252
267
456
465
375
222
420
354
573
255
459
255
654
315
1749
219
261
390
219
312
294
351
876
3723
666
342
207
228
378
231
447
381
414
324
288
222
255
255
726
252
579
291
249
336
258
474
381
249
1704
828
282
267
243
270
300
285
390
312
318
270
240
339
201
393
249
288
414
282
477
219
234
309
219
204
1671
279
342
1218
312
507
294
327
219
1371
315
327
945
270
306
1341
219
633
2505
291
225
381
216
240
276
408
234
285
345
633
387
261
1398
642
210
249
237
279
240
273
1053
279
375
258
234
258
276
201
465
228
300
495
1113
480
270
219
486
318
261
207
1002
237
357
276
306
2823
189
531
210
309
210
657
582
300
258
198
387
276
483
222
300
273
309
1371
543
294
648
234
696
237
339
300
345
354
363
342
369
1176
399
1515
252
237
333
234
216
225
705
282
216
648
492
339
450
324
207
408
276
282
876
288
264
729
222
309
306
264
225
243
438
459
1605
237
237
225
237
372
282
1041
603
315
558
969
339
294
1005
435
294
1575
414
225
426
210
231
450
213
339
333
435
387
216
462
219
243
570
1527
267
237
573
1038
312
453
846
534
1065
297
273
642
579
273
330
453
387
510
198
606
210
414
255
204
549
315
213
534
195
219
300
261
300
549
249
348
339
225
234
240
909
231
261
198
210
444
282
273
669
255
303
375
243
321
219
264
510
243
261
2274
201
249
1026
252
285
189
984
327
222
303
270
249
426
327
261
189
240
276
1674
333
384
300
246
381
258
306
279
234
222
252
243
282
282
285
288
237
255
363
228
219
267
270
1536
213
324
327
294
231
1131
369
213
1350
513
249
249
1548
237
264
228
264
333
336
261
213
651
267
435
243
1611
231
438
246
282
204
537
261
345
303
282
234
270
294
210
201
1041
246
597
279
564
240
255
249
315
225
540
1869
228
291
273
249
285
339
267
312
492
537
249
270
315
213
270
1101
288
378
354
300
321
489
1251
378
1569
231
315
225
276
1857
246
300
246
294
357
249
303
321
618
309
255
1278
1320
372
207
1332
219
1338
315
357
261
330
216
960
204
471
747
594
405
717
222
276
198
264
498
276
285
1299
375
207
219
258
216
357
246
339
198
279
513
354
1488
486
894
345
198
321
234
474
393
879
864
204
882
219
735
324
477
243
342
366
567
435
192
321
252
819
213
678
219
789
702
342
216
213
306
258
480
429
243
1038
243
276
303
954
207
255
507
243
2001
282
213
768
375
948
234
243
249
273
567
333
1359
240
234
270
240
441
240
318
252
1785
216
276
261
3825
528
372
327
258
195
1347
270
453
291
321
357
705
267
204
321
1563
204
252
300
231
354
345
225
1014
312
294
246
294
258
1092
699
228
1380
354
192
261
207
321
462
207
342
618
300
369
387
510
447
2154
204
375
1851
210
309
273
243
1515
243
294
237
243
975
2796
303
279
303
618
558
213
234
261
474
510
939
276
228
231
363
489
294
327
204
393
222
249
429
357
237
372
195
273
528
252
285
282
1149
237
1095
306
267
234
711
303
291
303
357
294
222
198
426
336
210
219
1110
297
213
210
228
579
219
201
660
420
327
285
1209
411
303
207
1014
222
276
213
549
267
492
261
390
291
369
342
267
216
387
282
1302
1134
201
417
246
1179
225
474
471
336
273
261
318
330
360
204
279
342
1041
348
261
294
939
285
639
267
207
213
318
372
225
528
339
396
1167
270
282
471
546
270
309
1002
252
381
237
195
1359
210
402
483
2073
324
294
543
330
321
261
717
309
519
819
345
408
1461
201
477
249
207
1164
204
231
225
504
585
357
243
234
333
252
1062
1218
294
261
240
240
285
708
243
189
207
711
747
276
243
2655
285
270
252
540
276
417
228
204
300
1374
213
330
306
213
1245
288
336
423
312
240
267
918
213
279
243
258
390
414
270
330
213
444
210
189
273
534
246
321
315
276
1206
663
327
207
318
216
258
288
324
366
240
1200
270
288
1335
204
354
1344
228
315
534
294
246
240
216
231
219
1464
225
1608
2799
339
228
195
309
318
348
309
201
1605
1002
306
210
300
207
204
237
360
390
447
267
234
594
210
336
237
1044
207
234
516
348
564
558
348
282
399
261
219
1056
312
270
264
243
459
2319
609
411
372
273
282
501
465
231
585
345
600
306
249
732
264
327
270
219
201
447
333
462
777
225
324
216
282
1656
210
234
723
1131
402
252
438
795
438
288
870
795
372
846
411
222
360
213
228
231
804
264
1371
375
327
279
354
1044
399
285
705
309
219
228
642
390
348
276
231
297
522
249
1440
276
429
258
378
405
537
1755
228
378
327
246
1998
270
405
237
231
387
525
315
216
309
675
387
879
294
252
210
318
702
315
294
726
225
246
741
252
