513
2544
231
258
246
285
285
234
285
213
234
267
312
477
471
846
285
1488
294
1026
297
660
195
294
258
555
630
600
303
1230
234
648
1200
321
555
210
297
384
207
312
312
267
1170
288
336
939
333
525
297
375
228
996
345
1284
198
201
309
321
258
318
258
462
312
231
339
1065
276
237
357
264
1188
231
288
360
531
300
204
1407
318
342
333
255
648
747
381
753
288
1236
762
378
243
612
858
357
321
978
303
513
522
342
291
246
546
1974
501
513
168
234
849
267
264
216
198
213
213
1005
318
234
216
2364
252
633
324
183
276
318
894
252
309
273
213
225
2919
309
369
690
228
213
279
291
402
165
453
339
486
735
579
249
285
243
189
324
222
267
288
408
351
228
756
234
258
1116
249
390
246
195
243
321
306
333
261
318
285
651
393
456
1455
258
222
411
522
276
429
300
291
282
234
402
267
423
1122
240
1869
195
279
327
228
651
264
474
162
513
177
1089
354
204
402
249
660
303
222
279
459
294
201
276
192
417
276
1167
660
177
537
294
237
231
1308
351
225
300
348
348
258
1116
264
327
1479
285
249
210
948
267
210
165
303
516
162
207
258
507
426
1212
489
402
249
300
2715
846
252
1155
624
1110
249
186
273
213
360
357
291
243
1395
342
315
954
408
258
453
1404
255
219
267
216
876
246
336
312
246
2598
840
204
270
846
1929
1290
192
246
1500
174
165
888
159
1947
288
420
294
2811
243
423
297
390
327
465
888
249
489
348
810
324
225
885
174
270
282
279
2421
273
195
903
240
438
405
210
258
255
690
240
204
957
267
1260
252
258
240
240
468
258
837
189
627
336
630
255
267
273
288
759
240
339
300
270
303
345
183
378
450
339
249
240
471
192
819
294
165
2499
237
315
414
210
411
225
231
306
345
318
2586
513
378
399
2403
687
414
372
351
159
258
912
315
237
525
2001
342
228
273
342
195
315
240
408
219
210
231
270
303
459
1440
243
381
273
627
291
831
258
321
345
336
225
189
234
861
315
1221
213
816
303
855
249
213
186
228
186
249
186
216
282
276
234
339
255
201
885
255
744
234
582
231
222
231
186
216
795
375
1497
171
381
309
594
2451
189
489
246
399
171
234
639
237
231
258
444
792
291
420
399
630
276
255
531
195
3501
369
2181
918
168
363
225
225
303
213
267
225
306
339
468
246
474
321
345
210
321
204
414
819
264
672
1056
315
369
309
195
177
192
174
321
288
333
243
267
456
378
192
420
351
963
378
882
159
267
627
258
300
198
198
303
603
513
369
372
384
282
363
456
243
486
381
396
762
222
225
753
558
198
297
186
186
171
765
372
279
297
285
351
252
612
1812
453
213
351
246
240
288
363
222
306
282
441
462
210
240
246
276
267
240
363
321
474
198
297
1275
204
273
264
336
1074
243
480
306
507
414
384
285
1284
396
234
543
477
492
519
534
213
258
999
252
930
393
411
411
501
243
234
372
312
375
621
1428
516
912
309
330
246
462
480
312
1098
774
183
285
384
525
321
309
351
414
1212
276
264
330
366
318
1047
936
447
360
345
477
432
1413
252
369
699
1680
489
462
261
756
678
783
369
354
1050
261
276
297
321
309
468
1416
471
966
291
543
2301
234
285
282
327
345
258
651
243
378
354
285
324
351
2556
264
333
456
249
510
381
675
249
612
264
210
243
285
207
354
609
345
1365
279
312
303
240
738
336
270
1449
345
486
321
855
303
738
1755
360
297
459
369
225
1524
276
303
240
357
210
2058
429
243
306
621
234
285
210
972
606
318
441
474
522
291
675
390
207
426
219
402
483
375
897
306
297
330
348
915
666
237
756
465
384
1485
516
1926
690
1311
285
405
252
258
279
237
1002
234
285
360
357
858
246
237
249
411
360
174
207
426
303
399
1674
339
240
456
951
411
351
993
207
282
627
1020
1299
861
351
342
441
438
219
1140
876
222
288
255
1014
390
1206
438
174
297
780
522
474
243
237
1116
225
207
309
327
222
1482
1461
672
192
246
1248
207
306
423
228
1107
366
237
375
219
300
213
1545
225
396
246
342
285
246
1116
360
291
597
288
201
366
312
999
384
426
204
1578
282
315
3318
348
282
504
267
273
264
204
1314
252
738
270
357
201
240
288
213
255
210
375
345
240
216
258
282
318
1080
453
171
456
1143
288
192
366
189
285
324
402
1026
255
168
330
354
942
636
165
294
261
486
417
1107
420
303
1017
192
234
1113
441
282
237
243
1887
363
408
477
225
258
225
291
237
294
1122
354
642
666
1572
186
1011
594
258
234
216
231
2013
312
339
957
258
606
741
366
426
1308
297
267
381
387
426
207
189
1392
279
159
183
294
258
1908
879
504
189
360
282
246
249
843
351
510
228
1896
279
414
150
357
198
333
1920
717
204
1470
231
408
501
276
543
225
219
573
300
411
288
213
324
516
255
246
621
465
294
3153
369
237
897
303
585
291
1233
216
669
546
249
201
234
252
414
213
252
303
183
360
390
501
318
405
372
267
282
1962
318
246
555
384
354
402
588
210
381
345
618
324
1881
309
1611
306
234
393
972
390
249
513
207
978
390
282
318
276
447
282
282
252
312
1674
255
321
204
324
495
279
816
252
357
366
708
267
420
390
435
279
501
312
939
420
318
246
240
435
279
171
948
243
294
324
270
915
573
303
225
249
354
231
396
462
228
228
213
243
333
438
363
324
546
318
312
423
285
336
1071
405
459
306
240
255
408
294
204
528
285
261
246
261
381
474
237
891
291
351
1398
270
345
252
444
786
1257
234
447
381
489
621
261
324
1725
303
282
324
726
972
978
273
291
1455
387
252
399
846
525
210
1398
678
453
285
573
552
252
267
312
465
465
597
771
2634
282
207
279
1143
471
717
354
303
357
363
222
207
243
447
1560
300
606
273
474
285
672
261
375
297
237
402
312
264
375
180
891
228
282
531
258
273
654
237
423
660
525
399
792
213
891
489
273
3063
573
411
372
330
255
2247
306
1485
285
351
438
1239
357
3147
297
210
528
1416
189
237
324
501
279
234
309
207
795
165
354
468
393
225
243
393
267
345
465
318
315
345
600
249
285
204
993
243
399
213
1008
183
291
234
222
540
261
1266
240
252
225
960
231
354
237
273
342
225
594
336
339
219
2151
744
285
252
258
357
378
201
1101
210
243
528
393
168
231
222
270
324
267
246
219
822
654
564
1029
369
240
1257
312
504
492
846
300
246
1506
243
195
249
297
264
246
1152
1164
330
294
300
582
348
1281
306
324
288
306
291
609
246
396
624
360
234
243
204
243
687
252
201
207
285
297
402
204
393
156
423
285
201
471
378
336
216
276
657
354
1338
345
327
2790
387
228
795
405
387
1044
432
684
417
243
1443
312
711
336
222
282
261
246
231
204
207
1053
606
303
747
333
237
186
180
228
573
327
264
297
375
1563
348
300
270
438
357
606
318
255
204
951
270
210
387
210
273
723
237
186
240
255
273
153
270
333
228
399
222
324
219
234
756
204
606
282
318
555
213
354
291
258
156
1968
1176
252
342
336
1743
786
231
201
369
258
330
1410
219
210
720
426
474
399
252
741
393
216
348
1770
189
306
474
273
510
441
1353
210
225
186
2202
357
264
195
300
270
267
2775
282
192
402
438
612
606
612
2058
264
324
243
198
624
1884
588
258
222
330
273
213
243
414
306
210
666
528
273
369
399
315
660
1083
411
369
363
285
270
234
414
291
777
447
279
672
306
219
1005
204
216
177
300
342
435
279
360
1242
816
207
243
234
2574
321
246
348
285
603
435
567
630
258
210
378
411
339
243
285
666
195
225
312
2508
273
234
234
1362
252
531
918
426
423
276
345
747
255
294
294
213
309
252
984
411
1320
1155
249
348
246
333
261
453
264
771
450
324
1293
276
678
516
522
324
198
357
1341
381
276
228
636
240
261
192
174
168
171
267
210
255
444
486
213
510
258
1080
441
483
243
720
1056
249
1092
849
339
252
810
249
234
381
246
237
297
384
339
210
705
933
1038
462
339
201
276
1095
1434
330
279
303
261
336
378
1341
306
537
573
1410
294
1125
540
261
315
276
1293
810
402
291
186
684
213
240
174
2076
219
432
237
207
228
165
225
522
255
309
258
240
195
753
360
1026
312
219
231
546
252
252
531
234
354
480
1161
177
570
252
456
366
315
258
330
402
1080
534
246
210
1404
507
228
312
378
504
2403
246
282
270
168
327
384
231
198
612
537
243
1104
438
321
495
279
321
447
1065
291
573
360
318
216
312
900
300
249
690
207
186
282
270
519
762
195
243
504
648
219
285
312
420
285
534
495
213
216
456
240
273
207
480
555
324
1170
471
984
264
1629
1071
171
258
282
279
288
261
1278
375
471
240
927
201
444
249
396
702
234
948
243
267
741
771
375
243
303
300
978
1992
249
243
297
177
309
192
1821
216
231
282
378
255
174
252
306
372
510
474
228
417
276
249
687
1224
249
246
1266
249
261
264
315
255
255
510
207
261
237
603
1749
543
156
420
336
228
297
318
351
438
963
564
264
234
276
222
165
429
315
414
213
192
255
207
327
291
486
195
516
225
267
348
414
231
240
456
267
321
723
282
687
834
222
351
294
348
300
1038
261
180
234
321
249
456
252
252
1011
1704
225
153
201
309
231
237
189
450
258
426
1179
1158
363
2070
357
189
321
168
2295
669
156
525
519
357
219
606
900
243
1722
405
252
291
348
276
279
246
213
507
462
297
288
696
354
360
306
189
225
363
492
294
261
462
1344
372
204
159
270
510
591
210
411
240
441
2451
300
1062
282
570
288
279
294
339
234
195
315
297
324
957
354
264
534
2262
2298
435
291
318
1851
231
555
732
1125
213
1296
438
222
813
252
177
510
1689
1680
177
300
240
2355
360
318
297
231
1749
360
663
225
222
204
291
807
387
288
894
267
282
837
384
228
315
360
282
222
231
297
4569
480
420
198
402
168
249
246
261
660
438
1890
195
393
210
261
573
663
321
192
300
447
192
366
273
207
243
402
339
225
318
234
219
330
297
219
1002
249
351
276
213
186
384
861
270
573
414
444
1032
630
201
228
714
231
1098
222
309
240
738
267
324
300
606
294
219
267
2124
162
579
264
210
267
207
309
297
261
267
303
228
1263
783
258
264
162
231
1773
285
294
243
243
270
531
666
237
240
2172
315
375
192
282
291
282
318
528
198
222
309
246
270
483
336
207
294
414
375
534
324
306
204
240
885
315
279
324
366
411
348
693
600
264
1614
210
201
273
330
282
1386
519
2187
210
483
477
1185
2145
399
252
450
240
756
354
249
309
684
432
393
288
354
321
525
297
225
276
255
2757
333
528
243
237
351
1254
519
2589
255
666
222
567
288
696
354
333
651
285
1266
291
234
336
1269
423
279
309
198
621
240
240
276
312
372
315
588
237
600
858
243
369
255
537
492
933
279
252
267
297
225
213
4044
207
216
582
417
507
363
273
174
438
396
285
348
858
417
225
1143
366
384
360
237
402
270
522
372
456
2052
315
2430
366
261
249
219
1485
309
222
231
237
387
348
309
312
255
984
228
372
558
921
441
222
483
540
285
435
312
543
438
219
225
336
318
1647
279
312
2574
312
279
537
210
243
273
525
258
1284
303
360
195
1077
405
345
237
486
396
378
225
399
399
243
198
1053
258
222
207
711
318
216
225
252
243
243
165
411
294
1623
318
240
189
249
246
369
336
462
231
180
216
285
192
240
495
264
372
228
717
660
1125
198
258
285
582
324
231
456
240
240
453
1698
429
480
249
195
246
243
534
186
441
231
330
975
249
945
231
186
747
282
312
327
1272
252
327
291
213
339
1038
501
543
159
912
222
342
1467
312
393
1353
417
210
306
345
204
339
483
864
222
438
306
240
648
717
258
195
330
300
300
987
369
483
3519
528
234
516
354
288
291
228
378
228
234
444
318
258
351
279
297
255
1014
216
255
351
819
399
225
234
258
213
318
192
381
483
270
267
504
237
1155
240
171
342
738
195
1374
201
285
660
276
411
471
288
207
189
1206
258
240
666
717
900
246
1131
252
300
423
426
699
627
285
342
351
447
909
273
276
318
273
432
345
390
651
624
570
849
327
423
747
303
1305
294
282
285
279
339
360
222
297
825
246
186
711
279
417
240
291
438
312
336
225
675
201
207
555
1083
447
354
1326
327
576
465
1599
243
462
237
228
282
1575
270
297
189
201
1080
363
297
327
258
405
465
312
294
975
318
726
777
282
294
234
1701
222
216
309
210
393
1470
204
258
240
1110
273
2925
402
345
222
360
399
405
546
192
318
834
327
213
1704
594
156
1098
342
945
279
249
699
279
351
195
471
204
294
294
357
411
1122
294
267
249
306
270
255
270
312
1251
225
333
219
300
243
228
246
225
1434
291
186
780
1818
252
297
1461
273
471
3792
216
216
207
330
369
414
1560
279
324
681
387
207
801
672
396
762
447
270
390
885
513
240
204
243
282
402
1038
234
909
255
339
336
168
216
228
243
582
2712
1818
165
444
321
330
471
963
174
1032
228
216
225
237
267
258
1023
216
225
276
1464
231
330
396
309
396
840
423
771
378
219
558
240
300
246
351
897
231
1362
261
1692
189
195
252
150
171
1572
591
261
237
252
921
210
279
672
252
942
225
204
402
768
201
309
225
2697
423
321
273
171
300
261
504
231
234
159
177
186
249
282
240
351
252
219
264
231
306
351
222
654
174
150
264
1176
819
255
378
165
285
213
288
315
2082
246
468
402
222
204
498
198
294
270
273
786
846
279
825
207
207
378
225
354
246
321
504
234
336
507
225
195
270
270
345
339
1509
525
489
390
282
270
570
381
213
321
351
357
1311
375
318
543
1269
210
273
291
1014
246
348
342
216
216
390
459
327
1740
216
204
240
333
336
495
1083
885
807
498
1065
285
2505
342
405
219
708
597
240
225
978
279
222
168
252
285
1068
231
261
1569
384
522
228
243
258
204
240
810
258
258
1665
522
399
1092
375
264
276
222
201
204
510
816
318
261
255
396
291
342
1521
348
306
624
234
627
291
225
1335
297
429
168
147
300
255
198
390
219
246
315
228
402
273
240
297
873
276
444
342
753
270
225
426
327
870
588
753
294
234
294
1476
285
234
636
309
309
297
375
255
3402
1113
255
1080
789
216
306
276
597
366
240
324
264
1155
210
3534
507
324
300
561
474
285
228
252
282
216
210
264
306
315
474
195
417
999
216
321
258
348
2346
267
372
423
330
285
231
324
381
243
441
234
309
318
375
825
339
414
399
261
201
840
318
396
306
1380
285
264
393
267
684
324
294
204
411
207
1179
498
240
288
363
393
276
273
351
402
300
273
420
327
1431
213
747
279
615
339
276
255
177
252
168
744
810
1485
822
231
636
255
258
225
1680
276
450
405
261
450
1194
168
1362
333
162
1725
243
489
255
285
240
237
1131
219
336
228
705
234
339
1212
1497
249
324
285
375
576
321
2034
339
222
336
354
198
246
291
1443
489
834
1155
285
447
276
279
273
327
399
264
411
465
267
237
441
441
324
225
240
510
1098
465
249
216
282
2055
1212
231
303
795
309
243
261
411
870
294
921
252
219
729
321
471
252
750
249
510
252
1578
672
243
222
3807
222
234
273
237
279
330
504
231
360
300
249
648
513
237
234
222
240
951
180
279
237
1611
258
231
180
162
228
786
207
243
249
273
348
492
150
246
231
150
246
462
363
339
399
927
273
336
297
309
285
342
1032
294
246
411
468
243
2424
417
312
261
330
495
306
219
255
231
387
267
324
279
330
288
1755
357
771
2280
282
990
270
516
213
249
258
360
219
300
267
702
276
489
258
234
1629
219
324
987
1605
426
435
351
366
525
312
1047
375
339
402
381
210
978
252
1473
414
228
237
204
930
333
258
273
1458
198
219
396
1152
423
330
252
312
261
456
291
468
939
438
408
252
948
237
2148
501
240
234
774
234
708
399
315
225
234
1287
306
294
216
258
600
597
249
237
720
573
237
249
468
234
534
357
276
276
222
813
327
225
225
312
327
279
294
294
420
267
246
234
393
390
342
249
1056
297
234
399
705
390
1197
375
357
288
153
189
345
372
345
570
765
303
387
204
231
231
219
630
324
2430
234
297
366
246
765
252
426
204
288
363
1323
249
1299
333
285
336
300
270
339
873
267
357
237
171
1146
303
492
435
309
324
288
486
183
303
408
219
195
294
732
252
249
1422
216
309
207
411
237
402
345
810
360
297
963
276
270
1422
183
183
234
198
543
258
360
465
354
450
375
1308
1398
201
363
297
258
282
273
237
1986
408
156
303
264
1086
165
396
204
381
234
288
255
270
288
258
504
294
225
282
414
204
306
348
1392
1059
288
198
624
285
699
321
201
1551
231
465
342
711
429
171
300
231
252
240
252
405
246
657
417
270
306
321
360
630
294
255
231
333
627
270
1134
366
387
234
348
327
237
324
312
276
4680
291
249
276
306
279
306
303
294
294
405
321
393
360
861
282
225
228
1173
249
201
993
408
216
174
297
1173
255
660
1395
561
237
546
1293
363
351
300
1611
288
816
318
798
327
276
360
507
327
381
339
237
291
219
204
1629
246
870
249
306
321
222
429
282
225
204
1317
255
252
756
285
204
207
348
414
249
288
477
213
207
396
405
354
219
390
210
312
1122
285
333
429
303
1335
252
891
447
441
480
273
330
1014
252
906
423
435
975
240
405
312
1293
294
363
309
2475
420
267
231
213
279
1203
414
288
195
231
240
486
288
201
312
1071
300
303
396
492
315
486
828
237
342
402
222
228
333
1938
171
507
261
258
258
324
486
240
1488
270
408
294
270
219
306
237
231
417
288
231
441
279
300
468
330
426
216
369
867
231
309
999
309
501
675
336
489
237
1023
282
1377
309
231
366
186
282
231
1047
324
201
225
195
264
186
222
1257
213
357
315
342
255
309
297
1572
348
795
246
228
261
378
342
357
588
150
300
501
1173
348
327
2025
414
375
234
246
546
1056
627
438
579
393
240
255
579
204
201
303
480
1203
225
189
165
282
690
255
798
990
360
1008
261
543
279
390
312
432
1104
963
273
369
246
459
381
228
195
288
243
912
753
324
1956
240
258
669
333
282
276
303
1671
309
246
519
231
852
240
321
387
1218
330
282
264
273
513
396
261
240
516
231
216
1491
471
345
1356
414
258
216
291
264
228
309
234
261
216
297
324
708
201
534
414
447
264
192
1380
294
375
303
888
225
222
324
246
261
405
417
177
993
231
303
423
180
1014
807
312
864
261
342
471
216
222
576
426
828
600
252
342
303
417
180
171
228
897
228
258
435
195
261
369
192
582
2688
438
294
240
186
165
402
357
168
291
255
675
228
876
348
699
225
786
189
207
243
210
192
336
699
669
405
318
1287
618
678
249
201
363
279
1491
993
309
333
933
255
429
1584
297
420
246
327
1095
189
261
420
267
222
357
1338
216
306
165
261
225
228
837
210
363
642
192
237
228
633
228
543
768
783
516
177
354
321
1188
402
216
219
237
612
222
312
390
840
291
363
393
258
261
384
354
189
384
1113
213
273
174
171
1743
285
291
300
237
306
1203
288
720
165
561
186
597
465
336
369
327
243
228
456
342
294
255
330
225
462
285
267
237
1002
525
309
477
1026
219
261
429
1584
249
192
213
204
345
471
561
378
282
357
225
516
306
249
300
705
159
171
213
594
333
306
1854
333
357
327
255
786
300
819
237
168
441
312
249
210
345
198
399
678
309
1536
390
216
366
225
288
288
324
1251
297
309
249
342
684
327
519
324
348
330
225
258
303
1005
246
312
246
1461
345
162
219
321
294
486
462
483
1161
888
258
1107
372
234
669
348
231
393
963
279
981
339
165
285
216
396
849
246
270
930
390
663
1461
267
387
594
627
231
417
255
1485
1011
315
357
255
636
690
381
345
231
414
246
414
390
303
237
309
285
348
795
243
1347
1635
369
282
276
279
747
330
312
312
225
405
315
270
267
210
957
333
309
945
201
195
1119
306
201
654
312
264
297
300
252
483
261
555
324
411
207
306
654
291
267
3345
249
309
366
402
264
249
264
1563
234
243
297
300
540
402
450
390
399
294
1215
186
306
510
1062
213
222
213
222
282
828
240
213
198
993
315
234
315
216
264
204
384
1113
342
216
699
228
324
198
363
336
855
300
456
213
654
282
1020
1242
225
312
282
1026
312
264
375
501
225
1128
594
1014
294
270
258
600
228
279
924
534
207
993
168
1443
303
261
354
1374
753
258
321
1518
342
276
687
333
369
1437
285
420
504
399
240
213
300
852
342
294
321
888
336
558
444
804
1317
432
291
240
303
660
588
228
384
498
204
651
1182
267
201
321
327
288
501
297
288
366
3369
252
540
474
297
201
339
240
438
345
450
1587
231
318
282
207
297
1968
291
522
858
681
300
441
261
294
339
294
180
333
369
3078
360
495
306
441
468
183
192
234
444
267
414
219
819
312
201
1431
1104
357
201
300
318
264
309
483
285
222
1008
309
207
312
339
1077
1359
351
237
318
1275
237
264
291
1218
237
318
372
462
1038
561
246
798
333
837
333
255
243
243
279
333
306
336
342
861
357
654
216
312
222
327
273
576
285
225
2049
261
234
276
201
225
555
231
882
327
261
375
1038
267
240
276
465
3642
255
384
378
1248
333
216
237
1365
402
492
276
546
273
771
279
1707
228
177
228
354
204
339
927
426
219
330
1164
408
534
351
948
198
1179
2412
585
342
171
249
309
246
318
234
225
624
246
627
465
300
405
207
1356
297
249
321
459
252
372
264
288
564
324
228
291
387
450
1452
231
831
285
1026
210
387
468
549
318
1053
189
294
669
306
183
882
264
267
177
273
510
276
1488
312
441
450
264
1092
207
606
279
285
246
1107
291
324
978
351
231
243
711
279
1284
408
297
426
540
456
270
975
234
240
285
1740
318
849
375
171
1161
318
294
396
771
828
1479
246
282
216
1023
243
444
279
213
216
591
318
426
1842
195
294
234
222
1095
213
1203
315
198
189
255
471
345
285
480
774
1827
228
228
225
438
228
1038
186
264
342
213
345
210
2577
216
318
339
309
312
297
375
252
276
297
1065
303
228
2274
756
294
249
261
231
360
264
804
423
420
369
669
900
231
417
234
237
444
939
255
366
282
237
294
294
1674
267
228
210
402
534
285
207
345
429
261
366
192
246
1119
222
252
321
258
447
438
384
2889
345
261
267
402
1575
387
282
666
804
486
228
312
1398
285
456
210
804
228
312
345
1650
306
351
267
303
240
600
285
288
924
309
282
261
312
393
468
378
438
1029
984
252
249
213
795
255
288
210
255
282
612
2358
1290
288
201
303
810
357
243
654
1137
477
231
345
228
1653
264
354
396
1524
405
255
279
321
336
261
417
909
456
486
396
258
324
1236
297
1221
270
234
279
237
654
366
246
243
972
246
360
1986
234
369
282
282
330
183
369
228
255
450
351
471
684
303
1398
1173
207
825
306
219
2055
384
531
300
357
345
207
387
402
474
258
255
231
1221
288
1749
333
351
207
240
1053
321
234
744
540
240
1464
249
345
225
294
252
651
216
192
228
240
411
588
1149
339
225
189
399
267
513
165
255
408
366
207
348
258
243
540
519
207
297
1371
267
327
249
1422
300
189
222
513
693
1896
1515
189
267
330
678
228
447
189
297
300
276
1269
159
198
432
261
630
228
288
252
219
225
696
573
297
459
294
249
300
267
2292
219
507
609
204
600
297
198
243
555
297
327
675
495
435
276
255
534
282
459
819
471
228
630
387
1533
957
195
195
258
312
441
654
261
186
369
303
744
309
273
219
264
384
525
273
561
1020
306
258
276
1164
183
720
294
300
402
216
351
243
1308
1221
246
222
2076
255
540
237
483
273
219
822
210
261
489
330
462
237
453
639
330
720
162
1293
180
297
387
195
318
255
345
534
756
909
774
261
345
315
585
573
525
489
2232
237
216
153
432
1410
288
288
228
225
399
1374
336
1098
204
234
774
207
285
309
405
1197
351
252
330
231
249
330
399
228
444
198
783
303
612
261
861
327
333
279
495
252
249
213
384
309
237
261
252
426
1422
420
384
252
1686
237
372
369
1173
219
333
228
285
399
234
555
261
282
999
375
525
180
261
303
321
1725
333
258
342
303
792
321
870
2520
294
333
219
252
300
276
267
318
513
408
432
249
825
210
243
300
267
987
693
210
318
1260
381
354
276
330
273
207
300
282
1245
903
186
186
207
312
219
366
201
327
264
396
249
429
399
402
1275
375
423
861
819
936
1023
252
276
408
2151
381
720
393
300
228
471
327
483
405
810
339
216
201
531
366
207
1737
201
444
228
168
618
345
246
879
360
384
846
339
198
249
324
369
306
426
366
225
198
918
312
159
282
930
1026
390
207
255
561
261
561
537
252
1428
252
1443
321
402
984
201
231
369
474
348
525
537
255
903
294
384
903
249
303
228
381
423
312
282
348
261
447
594
339
213
297
396
420
459
960
258
273
255
783
1242
222
351
465
294
366
318
840
378
396
1452
639
288
459
426
1314
516
357
579
231
216
204
261
978
201
327
2100
312
774
297
267
351
231
603
180
330
945
279
297
246
405
333
237
390
282
273
171
375
297
285
228
741
459
264
237
909
312
630
201
195
213
249
228
906
249
204
639
192
315
195
336
312
2118
306
246
327
354
540
261
591
1662
435
297
327
225
168
396
336
237
753
555
456
342
459
348
303
1080
249
435
1593
180
222
399
393
351
396
1368
231
360
666
207
312
225
234
2085
183
183
183
282
438
378
2250
258
255
210
330
258
201
303
261
240
417
705
888
225
738
1536
387
210
1401
237
285
210
252
345
189
297
330
411
477
189
285
1134
636
201
213
291
195
159
255
576
234
285
261
462
282
345
189
267
219
600
411
243
411
375
327
198
189
363
201
450
327
414
174
555
201
333
1239
981
249
492
246
300
825
255
402
360
243
243
327
213
288
225
288
1398
285
303
348
549
273
297
1212
264
279
264
219
330
1023
888
1527
243
576
243
423
243
279
339
207
213
555
297
228
279
264
288
495
1254
468
246
216
303
1320
261
345
258
288
375
300
282
207
732
264
234
1500
195
513
372
357
288
210
393
300
1167
342
1164
288
405
207
252
237
156
168
189
561
249
252
666
237
630
708
879
258
264
261
750
330
414
372
330
990
258
1809
177
324
147
198
360
492
261
249
1197
453
258
714
462
579
234
453
183
282
252
489
1338
192
150
384
378
960
357
591
228
519
513
417
309
276
411
234
447
318
246
225
588
471
315
369
1392
432
204
240
456
159
333
309
468
213
879
369
2601
276
426
207
381
285
282
213
213
189
525
690
483
237
1179
240
417
342
279
321
204
222
1152
258
519
264
204
1245
216
249
243
498
447
237
243
234
207
210
315
1410
570
237
234
444
261
255
1377
270
228
423
222
1053
222
360
303
195
375
399
495
330
237
192
1308
435
267
345
1428
306
339
2211
309
327
1107
258
918
240
393
1014
744
423
720
291
468
327
669
573
474
303
243
1743
288
600
561
495
273
318
222
255
4725
237
636
210
240
891
486
333
345
804
351
591
357
378
402
267
267
273
303
453
1509
213
384
693
339
507
168
333
483
234
261
444
699
255
369
303
486
210
474
438
165
186
237
276
507
1068
282
309
222
294
435
324
213
297
219
393
552
243
237
999
1197
1572
288
240
219
516
372
1623
519
246
282
162
495
264
243
669
318
444
474
213
216
345
213
510
285
240
513
1224
210
582
216
363
198
303
285
798
252
261
315
309
450
393
339
270
1452
264
366
1155
285
288
351
342
2460
312
339
576
267
273
363
432
276
309
348
1464
177
357
195
246
279
255
360
204
285
486
258
315
369
411
384
252
480
552
351
1866
495
354
627
969
372
231
342
471
657
531
633
438
411
549
279
390
411
483
237
264
402
207
438
267
252
237
453
471
297
2586
219
597
282
339
351
246
921
471
1242
258
711
366
270
384
357
156
447
666
234
837
204
195
228
240
441
180
729
336
219
384
228
234
453
282
303
930
330
540
249
300
354
405
390
288
420
933
258
444
615
693
291
1104
504
1569
219
216
2712
225
411
201
423
789
222
315
336
1752
1152
204
240
1806
168
369
438
327
171
267
198
264
300
342
588
402
927
789
243
219
1431
249
231
411
255
750
438
354
921
306
252
1356
288
309
285
369
324
363
297
948
324
1317
267
255
249
192
657
819
198
234
441
234
270
216
2286
468
288
318
255
210
375
180
1320
207
222
2766
291
243
237
300
273
420
273
1392
315
342
1362
342
405
525
201
213
288
339
288
918
357
267
339
252
558
270
228
360
342
258
195
189
195
225
354
345
867
285
162
1176
264
573
183
243
1332
324
231
306
324
282
405
1119
297
228
219
276
414
177
936
213
282
165
309
1245
186
765
510
282
846
243
693
192
321
222
621
282
207
198
264
1344
498
336
264
210
246
1986
288
510
258
462
267
201
225
204
291
300
168
363
339
411
198
186
282
288
3381
564
294
165
288
165
237
261
276
270
312
156
327
531
297
843
246
246
285
201
333
276
879
360
312
195
255
381
189
267
210
177
252
210
198
705
747
210
318
294
219
312
360
1224
219
297
243
201
321
255
276
228
180
414
1056
201
525
1293
183
258
426
966
321
240
228
981
216
243
258
234
771
426
255
246
393
1227
510
1242
420
732
465
459
582
306
288
288
258
1014
555
324
303
411
345
183
789
381
2328
270
228
336
360
252
237
894
1800
279
204
276
354
363
1230
246
603
270
243
717
1230
444
261
1458
351
315
231
372
1788
384
327
228
369
777
321
624
321
231
273
249
486
315
1422
225
246
258
342
1449
228
216
330
417
264
249
225
300
252
387
309
648
384
555
159
1419
1032
276
273
240
306
294
204
474
675
300
174
462
207
237
663
366
213
588
555
243
2919
198
306
369
282
393
261
186
315
312
306
387
264
282
1551
708
288
366
402
414
825
303
255
309
240
276
315
315
369
594
252
1011
225
273
267
270
534
459
876
270
1605
303
276
756
333
651
276
339
306
375
1164
207
330
219
1242
198
420
315
252
387
207
222
774
279
231
531
225
489
705
207
252
1299
435
210
354
324
153
249
306
360
243
195
1047
969
222
273
312
1998
600
426
459
408
201
327
291
651
207
189
192
231
270
180
426
360
204
801
600
201
963
171
306
186
336
222
546
279
333
303
201
393
1161
459
276
342
306
1059
951
252
210
729
315
387
321
204
336
1140
189
258
267
297
195
369
282
351
465
288
447
1107
279
321
213
564
276
261
489
216
444
387
2238
246
240
306
213
399
228
267
261
510
309
414
234
237
282
960
312
4653
342
714
207
315
1722
297
237
303
453
243
243
495
336
279
240
1455
363
414
1068
405
441
279
843
297
1179
237
375
264
312
474
216
264
348
738
234
1503
555
1914
264
1017
513
564
213
252
261
180
423
249
564
279
207
312
273
1725
405
1050
1233
270
288
1221
519
609
450
252
291
258
741
297
462
267
1080
309
201
258
291
432
351
264
243
189
192
405
219
273
225
186
1173
291
1248
366
189
294
282
435
204
327
360
291
564
207
414
399
288
294
276
270
483
330
1692
393
267
720
327
288
420
453
318
543
474
279
336
345
270
690
186
345
375
180
354
216
387
426
213
255
345
189
222
225
657
1542
195
519
486
441
201
219
390
252
216
315
219
330
372
213
243
411
303
207
2484
246
252
765
1083
1680
438
249
558
300
1452
282
390
345
471
3048
186
225
156
396
339
297
1323
291
276
675
234
195
1254
219
261
222
840
360
243
171
216
303
495
939
354
300
351
633
450
1614
258
354
1035
204
270
393
255
261
426
1758
198
321
237
354
261
207
480
282
798
408
216
264
321
321
1539
336
333
1515
210
315
279
378
279
267
381
528
339
219
270
351
651
291
345
309
2388
408
450
393
339
234
246
2046
204
240
363
426
321
1260
321
252
252
258
735
1020
444
246
975
318
348
1257
489
561
321
318
576
363
1515
228
321
267
1089
237
474
894
315
204
279
216
387
399
249
600
333
183
222
192
1056
201
252
276
207
966
297
288
384
756
204
336
1338
246
258
1461
342
252
633
246
348
1266
579
924
276
153
216
198
255
954
360
237
288
576
417
1242
327
252
234
462
246
786
1371
228
351
309
270
285
258
837
408
1299
285
390
597
450
486
243
1158
240
486
333
318
558
516
1017
285
216
273
264
2607
228
300
339
249
171
621
537
408
246
231
237
243
453
201
270
237
297
306
573
390
279
324
324
297
507
246
258
609
363
606
897
210
1029
198
171
225
210
270
450
222
243
237
540
354
207
954
201
351
255
372
1491
186
207
381
222
471
1773
2697
294
243
372
615
177
426
438
1485
1515
315
492
210
450
1404
1137
237
1662
291
231
321
426
1389
363
711
243
198
255
1959
1683
252
201
630
219
321
306
327
1443
195
282
900
228
180
195
330
261
609
153
306
1023
231
435
228
297
1260
456
387
267
198
558
273
516
243
858
423
813
276
411
219
261
312
573
186
525
732
399
297
246
264
375
510
570
315
246
276
252
516
900
279
315
693
762
225
267
696
252
318
2349
303
228
219
201
276
315
681
282
363
315
738
249
354
210
396
285
432
294
327
852
1431
207
219
2412
210
318
240
501
1026
264
297
375
255
831
921
309
285
282
234
1599
372
237
945
609
1431
225
447
636
672
237
159
378
438
516
186
1194
243
273
291
306
1422
714
348
303
465
207
1014
246
477
237
324
219
285
2004
291
210
303
312
201
285
216
300
342
333
273
264
330
351
195
312
603
261
363
228
255
258
261
345
333
237
234
1506
366
279
429
678
198
1107
279
1170
777
153
231
1977
384
204
207
270
984
204
231
213
573
1392
981
216
315
282
1488
243
249
267
654
900
291
486
171
291
969
807
312
276
276
225
669
219
279
660
360
3111
441
264
240
228
318
282
225
393
294
231
312
1053
255
276
252
276
1113
234
543
303
291
447
432
282
456
267
333
171
288
321
165
222
423
186
177
195
303
810
228
849
627
228
549
288
486
171
558
228
1071
216
210
171
261
1398
303
315
444
237
498
219
210
408
219
303
1038
507
336
570
654
204
213
504
381
369
231
516
267
195
462
288
216
714
183
537
228
789
180
363
246
546
372
693
597
390
357
570
414
462
483
183
426
342
1074
843
282
240
282
615
231
657
642
183
339
369
294
258
258
258
351
252
1491
321
216
375
279
534
540
666
447
1029
243
321
225
543
300
267
645
252
450
186
555
315
474
303
378
705
234
378
309
246
1842
153
243
300
267
294
261
228
198
207
246
180
588
291
210
216
249
303
897
264
216
264
300
252
639
171
201
2112
213
441
519
288
1236
465
222
264
636
261
582
426
339
237
267
627
228
2586
270
1557
339
264
480
210
1392
582
444
276
282
756
339
1068
207
978
261
303
771
300
237
348
375
1341
408
378
441
234
210
324
399
951
384
333
531
303
408
510
915
297
264
339
285
234
762
342
363
756
243
897
360
384
180
738
1317
264
279
708
456
279
636
258
336
840
342
516
2586
285
288
216
300
339
366
474
774
240
429
276
225
363
1752
297
207
1695
678
189
258
225
1356
219
363
459
294
246
204
624
186
291
234
2361
291
354
357
498
231
297
339
318
240
888
792
255
303
240
585
408
1332
741
348
528
489
231
1287
219
228
405
300
261
336
315
294
285
1020
279
1131
219
249
213
390
423
759
219
843
438
282
324
213
222
222
342
195
552
237
474
237
402
1536
249
249
246
273
222
246
252
336
321
336
2127
291
348
276
201
162
543
450
297
468
234
369
201
1239
171
222
309
597
252
1344
747
561
384
246
324
183
294
261
210
288
600
285
492
309
525
312
171
384
510
462
1119
228
312
1116
354
330
534
951
222
234
159
219
336
324
309
231
537
1362
246
255
327
939
690
408
660
318
273
474
228
297
321
1182
264
288
171
255
777
1089
237
204
654
396
342
369
243
249
249
2262
384
294
309
576
267
279
267
681
246
1314
210
483
252
1179
303
435
642
273
231
327
1008
324
354
603
285
807
828
1071
201
246
243
363
414
306
786
528
684
315
345
405
222
276
366
663
2760
333
612
258
360
342
267
534
252
243
474
1329
216
336
399
213
300
411
312
213
270
378
492
366
246
1554
237
300
2130
387
879
297
333
309
981
507
189
321
498
234
603
207
249
210
312
807
312
264
522
387
351
240
204
345
582
288
273
300
1194
255
357
3138
486
231
459
363
675
1545
324
306
222
1704
363
432
654
255
402
1062
201
231
1359
213
330
213
2094
375
213
699
339
264
537
543
252
372
282
1308
240
237
231
306
189
270
1509
237
267
417
198
900
282
2070
285
225
249
321
1008
675
522
438
1113
240
456
264
2445
339
417
435
261
396
246
285
387
1635
297
231
1743
384
372
324
1026
453
483
186
234
282
393
459
288
276
300
186
207
1638
192
381
354
456
579
414
1773
162
249
204
240
246
315
270
804
219
354
216
1152
222
672
255
198
327
339
540
906
429
1134
216
468
348
1419
405
252
939
303
183
258
252
1014
441
279
225
258
213
1071
246
168
231
387
237
225
396
243
216
255
2058
372
267
354
282
1365
240
258
435
375
489
888
324
336
279
372
231
360
471
300
999
249
240
270
261
1500
327
270
675
306
960
723
309
288
279
480
309
1224
231
354
492
249
1188
249
240
261
1878
300
276
543
258
270
324
243
327
4137
243
300
291
315
873
252
420
2031
228
273
1470
234
423
411
600
426
306
876
264
396
1263
195
288
483
264
231
825
276
456
324
267
198
339
264
582
222
291
324
459
270
948
291
936
213
369
243
231
189
1095
414
1035
252
243
234
270
528
219
486
336
1269
267
225
228
942
720
1035
1053
1131
210
972
798
1140
348
1122
177
561
660
348
441
837
309
435
258
309
357
294
465
294
684
234
291
363
795
534
198
876
567
297
264
1704
255
255
276
243
2127
288
696
267
2256
264
285
372
561
339
348
507
432
330
222
201
408
300
489
387
252
471
516
333
273
240
186
1194
219
279
309
348
330
888
282
261
234
1401
297
357
216
444
525
240
258
1800
300
276
186
369
450
210
381
312
414
354
1668
438
330
246
666
213
237
1794
465
228
372
162
540
285
303
306
450
474
360
273
450
369
606
225
318
357
459
303
306
246
219
396
510
354
282
894
255
1701
351
216
315
234
432
426
1254
162
495
270
273
381
366
360
249
1170
327
252
630
510
273
264
288
294
549
246
243
753
207
540
1125
225
1125
360
273
231
348
213
417
297
153
351
285
1224
291
330
1470
267
330
243
1440
588
1278
1179
315
282
207
498
402
180
273
852
231
273
588
1341
537
270
519
276
480
636
252
378
636
1626
243
333
1974
777
819
249
339
795
984
222
315
240
210
213
501
183
264
1425
510
360
762
642
228
240
315
894
207
165
1737
366
240
777
168
297
483
258
837
264
216
228
204
666
366
264
1950
240
252
267
459
294
240
225
243
177
996
276
483
396
348
255
1575
321
171
231
174
267
1872
279
312
456
195
312
225
1521
291
339
192
372
441
528
402
993
198
240
996
201
489
714
315
258
207
309
195
186
171
243
246
252
267
456
222
873
390
378
234
291
450
561
243
351
330
192
267
240
186
180
1641
324
294
267
357
987
288
1704
1182
306
306
2124
555
183
201
1554
249
411
318
357
1296
204
399
390
225
174
414
276
228
1155
327
339
468
1206
150
249
1275
240
288
411
252
243
900
510
714
297
396
1164
447
360
207
675
1266
243
150
1086
186
1461
309
339
213
201
750
480
252
255
1470
771
240
366
324
324
1680
303
555
294
219
294
1422
255
258
240
333
321
1203
564
291
462
174
318
375
324
273
240
342
2595
402
267
225
219
342
210
357
636
243
828
903
231
405
399
255
777
2550
318
396
345
249
225
390
798
969
306
942
309
156
198
240
1899
246
525
237
645
258
267
639
237
321
366
1038
249
975
204
336
963
210
177
309
534
408
399
369
339
771
375
387
483
549
261
897
312
789
819
354
261
285
1449
330
243
405
162
771
333
315
402
552
303
1677
159
273
276
231
519
1095
321
480
318
921
297
243
270
363
447
273
204
747
159
219
183
237
255
2385
171
285
243
168
1335
1086
225
168
1497
282
246
231
195
177
186
423
288
171
252
183
267
159
378
264
177
201
441
210
1005
630
639
456
216
318
249
2805
192
501
501
174
492
249
264
306
231
249
288
333
318
192
273
231
504
198
252
321
1254
267
1413
396
225
192
465
189
264
225
330
1833
1554
222
246
309
252
753
1299
255
768
1446
345
318
1431
270
2091
873
261
237
231
210
252
243
891
282
363
204
450
906
237
819
225
627
1089
306
270
204
168
1017
246
234
258
531
231
243
240
822
915
237
2463
906
297
369
345
171
390
327
357
612
297
315
327
1065
276
1770
228
309
1146
324
1482
459
360
996
312
270
321
699
1446
156
1503
336
270
339
1104
558
363
240
408
684
441
261
294
450
240
297
174
363
210
189
300
270
375
810
243
303
213
474
267
306
234
339
291
240
249
237
507
1614
273
228
210
888
294
516
537
255
963
225
156
1341
390
1209
471
987
237
399
2358
768
222
228
327
426
366
564
249
276
264
696
309
273
1386
192
348
237
306
348
228
405
468
894
276
375
276
360
495
372
258
741
264
2529
330
336
372
315
1293
789
255
258
396
267
2526
633
225
408
228
258
273
459
861
1782
306
558
297
306
2697
366
189
456
336
315
300
279
297
384
252
294
183
288
477
363
228
228
312
339
192
243
258
414
294
201
414
297
357
318
531
180
453
234
234
312
252
1149
156
531
195
432
231
309
195
186
423
174
321
171
333
243
246
252
267
456
363
345
372
1056
267
990
264
255
192
240
222
264
1221
504
159
189
471
219
555
492
1356
270
243
264
516
405
1125
4092
3009
225
234
228
360
261
204
312
288
207
273
369
183
264
258
1488
222
234
438
159
318
312
858
291
735
525
294
810
228
216
291
357
261
1077
303
390
279
240
357
357
312
600
192
627
282
297
420
1437
225
303
1338
966
324
1290
900
543
300
1611
240
192
258
231
177
186
174
243
252
183
267
456
159
231
465
375
222
420
354
573
255
459
255
654
315
1749
219
261
390
312
294
351
876
3723
282
666
342
207
228
378
447
381
414
324
288
222
255
255
726
579
186
291
336
474
159
381
249
1704
828
282
267
243
270
300
285
390
312
186
318
270
240
339
393
249
288
414
282
477
234
309
219
204
1671
279
342
1218
312
507
327
1371
180
327
945
270
306
1341
219
633
183
2505
291
225
381
213
216
240
408
285
345
180
633
387
261
1398
642
210
249
237
279
240
273
1053
279
375
258
234
258
195
276
465
300
495
1113
480
270
486
201
318
1002
237
357
276
306
2823
189
174
531
210
309
210
657
582
300
258
387
276
483
300
273
309
1371
543
294
648
234
696
237
339
300
345
354
363
186
342
369
1176
399
243
174
1515
237
333
234
705
282
648
492
339
450
324
408
276
876
411
288
264
729
222
309
306
264
225
243
438
1605
237
237
372
282
1041
603
315
558
969
339
294
1005
435
294
1575
414
225
426
231
450
339
333
435
387
216
462
243
570
1527
186
237
573
1038
312
453
846
534
1065
297
273
642
579
273
330
453
387
510
198
606
414
315
213
534
261
549
348
339
225
234
240
909
210
444
180
282
273
669
255
303
375
243
321
219
510
243
261
2274
249
1026
984
327
303
270
249
426
327
276
1674
333
384
300
168
381
258
306
279
234
222
183
252
243
282
282
285
288
255
363
228
219
267
1536
324
327
294
1131
369
1350
513
249
1548
237
333
336
261
651
267
435
243
1611
231
438
282
204
537
261
345
303
282
234
270
294
210
201
1041
246
597
279
564
156
240
255
249
315
225
540
1869
168
273
186
249
171
285
339
312
492
537
249
270
315
270
1101
288
378
354
300
321
489
1251
174
378
1569
174
231
231
315
225
276
1857
246
306
300
294
180
357
165
213
303
321
618
309
255
1278
1320
372
207
1332
219
1338
183
315
282
357
261
330
960
204
471
747
594
405
717
222
276
498
285
1299
375
258
189
198
216
357
339
279
513
354
1488
486
894
345
321
474
393
879
864
882
735
324
342
366
156
567
435
192
321
177
252
819
678
789
702
342
306
183
480
429
243
1038
243
171
303
954
207
255
507
2001
282
768
180
375
948
234
243
249
273
567
333
1359
240
270
240
441
240
318
252
1785
276
261
3825
528
327
258
1347
270
177
453
291
321
357
705
195
267
321
1563
300
231
354
345
1014
312
294
246
294
258
1092
699
228
1380
354
192
261
216
321
462
207
342
618
300
369
387
510
447
2154
375
162
1851
210
309
273
1515
234
294
237
243
975
2796
303
279
303
159
303
618
237
558
213
261
474
510
939
276
231
363
489
294
327
393
429
357
237
372
189
273
528
252
171
285
282
1149
189
237
1095
306
234
711
303
291
303
357
294
426
336
210
1110
297
579
219
201
660
420
327
285
1209
234
411
303
207
1014
276
213
549
267
492
261
390
291
369
342
267
387
282
1302
1134
201
417
246
1179
474
471
336
273
261
330
360
279
342
1041
348
261
294
939
285
639
267
372
528
339
396
1167
270
282
471
546
309
1002
381
1359
402
483
2073
324
294
543
330
321
261
717
309
519
819
345
408
1461
201
477
1164
504
585
357
243
234
333
252
1062
1218
294
261
240
240
708
243
711
747
276
243
2655
285
270
252
540
417
228
300
1374
306
213
1245
288
336
423
312
240
267
918
279
243
258
390
414
270
330
444
273
534
246
321
315
276
1206
663
327
318
258
288
324
366
240
1200
288
1335
354
1344
315
534
246
240
219
1464
225
210
1608
2799
339
309
318
348
309
1605
1002
306
300
237
360
390
447
267
234
594
336
1044
207
234
516
348
564
348
282
399
261
1056
312
270
264
459
2319
609
411
372
273
282
501
465
231
585
345
600
249
732
264
327
219
447
333
183
462
777
225
324
216
282
1656
174
210
234
723
195
1131
402
252
438
795
438
870
795
372
846
411
222
360
804
1371
375
327
279
354
1044
399
285
705
309
219
642
390
348
276
297
522
249
1440
204
276
429
258
378
405
537
1755
228
378
327
186
246
1998
270
405
231
387
525
315
216
309
675
387
879
294
252
318
702
315
294
726
225
246
741
