out_of_range(too_short)	0.000219062679546
[5,11]	0.000219066593072
[12,18]	0.000876203395568
[19,25]	0.000657130898053
[26,32]	0.001533260792684
[33,40]	0.005913238303874
[41,48]	0.006132066036663
[49,56]	0.007884456818451
[57,64]	0.009198253507979
[65,72]	0.017082386816403
[73,80]	0.017739195784503
[81,88]	0.015768210336432
[89,96]	0.016644269671232
[97,104]	0.015111418213126
[105,112]	0.018834214312898
[113,120]	0.018615193811714
[121,128]	0.016206264232004
[129,136]	0.018177213726675
[137,144]	0.015330149237121
[145,152]	0.025842306201656
[153,160]	0.019710239154011
[161,168]	0.016644334773878
[169,176]	0.016863231427634
[177,184]	0.019053399646584
[185,192]	0.01708249230775
[193,200]	0.015330205524357
[201,208]	0.018615268788052
[209,216]	0.018396185068424
[217,224]	0.017739424566172
[225,232]	0.020148614871746
[233,240]	0.019710302332393
[241,248]	0.020148319381635
[249,256]	0.020148522075496
[257,264]	0.017082241369263
[265,272]	0.015987301303274
[273,280]	0.011826160111759
[281,288]	0.017082206210685
[289,296]	0.01620631516393
[297,304]	0.019929195338575
[305,312]	0.018177262707302
[313,320]	0.015111211122473
[321,328]	0.015549170079565
[329,336]	0.015111346593361
[337,344]	0.013140281982382
[345,352]	0.015111142885908
[353,360]	0.011388230538353
[361,368]	0.010731325913883
[369,376]	0.011169130699764
[377,384]	0.012702380615507
[385,392]	0.010293255578665
[393,400]	0.012264174929354
[401,408]	0.010074104114898
[409,416]	0.009636108929848
[417,424]	0.008541172262402
[425,432]	0.012483240055896
[433,440]	0.009855161531093
[441,448]	0.008322424013149
[449,456]	0.011388237583275
[457,464]	0.00876030790875
[465,472]	0.009417387304352
[473,480]	0.010293371283973
[481,488]	0.004818279105134
[489,496]	0.007446339568636
[497,504]	0.00635118710543
[505,512]	0.00591312008747
[513,520]	0.00481824640581
[521,528]	0.002847190152759
[529,536]	0.003723066870676
[537,544]	0.003723163471648
[545,552]	0.005694288742782
[553,560]	0.004380042468391
[561,568]	0.003942145845902
[569,576]	0.003723308851946
[577,584]	0.003066166569714
[585,592]	0.003723036928076
[593,600]	0.003066058257054
[601,608]	0.002190294745559
[609,616]	0.002847061358664
[617,624]	0.002628213002492
[625,632]	0.002190185422112
[633,640]	0.001752180698809
[641,648]	0.003066152548989
[649,656]	0.002847134905561
[657,664]	0.002628154612633
[665,672]	0.001752190946986
[673,680]	0.002409127849638
[681,688]	0.002628230249408
[689,696]	0.001752120863386
[697,704]	0.001752018914836
[705,712]	0.001095213721501
[713,720]	0.003066049254875
[721,728]	0.0010950164526
[729,736]	0.001533248341264
[737,744]	0.000876035906242
[745,752]	0.001314253737681
[753,760]	0.001971083856348
[761,768]	0.001533303938872
[769,776]	0.001095063369241
[777,784]	0.001533203255126
[785,792]	0.000657067155435
[793,800]	0.000876195055851
[801,808]	0.001752072349245
[809,816]	0.001971165124364
[817,824]	0.000876144885044
[825,832]	0.000876114844957
[833,840]	0.000876344045697
[841,848]	0.00153317756628
[849,856]	0.001095034281273
[857,864]	0.00087632853062
[865,872]	0.001095110152383
[873,880]	0.001095166646566
[881,888]	0.001095232575743
[889,896]	0.001752190077929
[897,904]	0.001095045571134
[905,912]	0.000876126196914
[913,920]	0.000876096477911
[921,928]	0.000657228781525
[929,936]	0.000438112070525
[937,944]	0.000657282988402
[945,952]	0.000876191298654
[953,960]	0.000438241898522
[961,968]	0.000876221154889
[969,976]	0.000219074641605
[977,984]	0.00021933022691
[985,992]	0.000438127252766
[993,1000]	0.000657094836171
[1001,1008]	0.000219298425227
[1009,1016]	0.000438123229345
[1017,1024]	0.00065730539836
[1025,1032]	0.000876093220968
[1033,1040]	0.000876175982603
[1041,1048]	0.000219439802736
[1049,1056]	0.000438073610087
[1057,1064]	0.000219223820388
[1065,1072]	0.000438085779576
[1073,1080]	0.000438050766305
[1081,1088]	0.000219042249644
[1089,1096]	0.000219120610832
[1097,1104]	0.000438157576609
[1105,1112]	0.000438180795989
[1113,1120]	0.000657148447288
[1121,1128]	0.000438167396462
[1129,1136]	0.000219068079982
[1137,1144]	0.000219320307207
[1145,1152]	0.000438411351525
[1153,1160]	0.000438022706649
[1161,1168]	0.000219270976824
[1169,1176]	0.000657095314783
[1177,1184]	0.000438120982255
[1185,1192]	0.000219041545674
[1193,1200]	0.000219140425676
[1201,1208]	0.000219037894691
[1209,1216]	0.000219172962834
[1217,1224]	0.000438069473018
[1225,1232]	0.000438367298119
[1233,1240]	0.000219126269886
[1241,1248]	0.000657264052267
[1249,1256]	0.000438148450826
[1257,1264]	0.000438070710763
[1265,1272]	0.000438238596069
[1273,1280]	0.000219116745523
[1281,1288]	0.000438267131309
[1289,1296]	0.000657215415373
[1297,1304]	0.000219114449841
[1305,1312]	0.000219253879478
[1313,1320]	0.000438144398591
[1321,1328]	0.000219166979115
[1329,1336]	0.000219213453491
[1337,1344]	0.000657295795007
[1345,1352]	0.000219199297509
[1353,1360]	0.000438009898551
[1361,1368]	0.000219106397796
[1369,1376]	0.000219108272446
[1377,1384]	0.000219184514933
[1385,1392]	0.000219003891
[1393,1400]	0.000219057985472
[1401,1408]	0.000438108300799
[1409,1416]	0.000219003343133
[1417,1424]	0.000219142260577
[1425,1432]	0.000219182745002
[1433,1440]	0.000219056261176
[1441,1448]	0.000219149666826
[1449,1456]	0.000219206551861
[1457,1464]	0.000219098398327
[1465,1472]	0.000219220974047
[1473,1480]	0.000219034097488
[1481,1488]	0.000657024678366
[1489,1496]	0.000219111063042
[1497,1504]	0.000219122727737
[1505,1512]	0.000219119161169
[1513,1520]	0.000219028188594
[1521,1528]	0.000219325817476
[1529,1536]	0.000219205143944
[1537,1544]	0.000219092665179
[1545,1552]	0.000219056563857
[1553,1560]	0.000219072567802
[1561,1568]	0.00021930396474
[1569,1576]	0.000219165283127
[1577,1584]	0.000219122818828
[1585,1592]	0.000219095512516
[1593,1600]	0.00021901741233
[1601,1608]	0.000219257208158
[1609,1616]	0.000219504165906
[1617,1624]	0.000219291714
[1625,1632]	0.000219186109159
[1633,1640]	0.00021906436907
[1641,1648]	0.00043814018436
[1649,1656]	0.000219041462972
[1657,1664]	0.000219532554148
[1665,1672]	0.00021906739813
[1673,1680]	0.000219011440858
[1681,1688]	0.000219033110474
[1689,1696]	0.000219218865529
[1697,1704]	0.000219257308473
[1705,1712]	0.000219359132516
[1713,1720]	0.000219059808982
[1721,1728]	0.000219349279236
[1729,1736]	0.000219140988993
[1737,1744]	0.000219085670615
[1745,1752]	0.000219361566933
[1753,1760]	0.000219015147515
[1761,1768]	0.000219007528042
[1769,1776]	0.000219057448301
[1777,1784]	0.000219013325029
[1785,1792]	0.000219092792989
[1793,1800]	0.000219165102308
[1801,1808]	0.000219027137974
[1809,1816]	0.00021933408776
[1817,1824]	0.000219058657545
[1825,1832]	0.000219109993661
[1833,1840]	0.0002190592641
[1841,1848]	0.000219313788908
[1849,1856]	0.000219101182314
[1857,1864]	0.000219018109401
[1865,1872]	0.000219021712899
[1873,1880]	0.000219398191043
[1881,1888]	0.000219017417181
[1889,1896]	0.000219123398304
[1897,1904]	0.000219179542004
[1905,1912]	0.000219130703646
[1913,1920]	0.000219127099881
[1921,1928]	0.000219054404381
[1929,1936]	0.000219145444894
[1937,1944]	0.000219221043752
[1945,1952]	0.000219208742031
[1953,1960]	0.000219040944166
[1961,1968]	0.000219127667393
[1969,1976]	0.000219061633005
[1977,1984]	0.000219037499298
[1985,1992]	0.000219455617
[1993,2000]	0.00021931945125
out_of_range(too_long)	0.001095149907678
