[5,13]	0.000227611288836
[14,22]	0.003864610646147
[23,31]	0.004319368962801
[32,40]	0.003864549607524
[41,50]	0.006819722475824
[51,60]	0.009092780772752
[61,70]	0.014093675204423
[71,80]	0.017730645858316
[81,90]	0.018867551051753
[91,100]	0.020003884503007
[101,110]	0.022276977221696
[111,120]	0.019094670170433
[121,130]	0.019549328566618
[131,140]	0.019776805900005
[141,150]	0.018185370917206
[151,160]	0.023413708779777
[161,170]	0.019549192749366
[171,180]	0.019776491020449
[181,190]	0.020458614972968
[191,200]	0.022049753919873
[201,210]	0.019549174670522
[211,220]	0.024095568933949
[221,230]	0.018412705196477
[231,240]	0.025686712851196
[241,250]	0.021822439861668
[251,260]	0.025004947480227
[261,270]	0.02045855337141
[271,280]	0.01795805082824
[281,290]	0.021140706193656
[291,300]	0.024095528391604
[301,310]	0.025686727993922
[311,320]	0.020231459189367
[321,330]	0.022504297828404
[331,340]	0.019321878112851
[341,350]	0.018640209289927
[351,360]	0.014548312773518
[361,370]	0.014093670567515
[371,380]	0.014775817418071
[381,390]	0.015457624765326
[391,400]	0.015230280640885
[401,410]	0.013639057025261
[411,420]	0.014093586558665
[421,430]	0.013866304680294
[431,440]	0.010684027237536
[441,450]	0.013639117205551
[451,460]	0.014320922562135
[461,470]	0.012957348766924
[471,480]	0.01250242474301
[481,490]	0.009547374435979
[491,500]	0.009774670323157
[501,510]	0.006592410304938
[511,520]	0.007956172894739
[521,530]	0.004546528869229
[531,540]	0.004319067791372
[541,550]	0.007274106684435
[551,560]	0.007501583529534
[561,570]	0.005228451093648
[571,580]	0.004092010980135
[581,590]	0.003409922098264
[591,600]	0.002273236154061
[601,610]	0.003637260365658
[611,620]	0.00363719365863
[621,630]	0.002500788923263
[631,640]	0.002500539515478
[641,650]	0.003182487647476
[651,660]	0.003182435128788
[661,670]	0.002500543633135
[671,680]	0.003182579042699
[681,690]	0.002500806015315
[691,700]	0.00227337580779
[701,710]	0.001136762584442
[711,720]	0.004091866314198
[721,730]	0.002273392916289
[731,740]	0.001591269369969
[741,750]	0.00227336011001
[751,760]	0.003637278700993
[761,770]	0.001818729958506
[771,780]	0.001818630528094
[781,790]	0.001591277974249
[791,800]	0.001591290182288
[801,810]	0.00272799110736
[811,820]	0.001591448939033
[821,830]	0.000682122697166
[831,840]	0.001136822280529
[841,850]	0.001818649772025
[851,860]	0.000909385060847
[861,870]	0.001818563155454
[871,880]	0.001818657976022
[881,890]	0.00181866079233
[891,900]	0.001363980134171
[901,910]	0.000909435138342
[911,920]	0.000909444923453
[921,930]	0.000454706932683
[931,940]	0.001136629532611
[941,950]	0.000682203262985
[951,960]	0.001136628884038
[961,970]	0.00068213010822
[971,980]	0.000227627848953
[981,990]	0.000454964767222
[991,1000]	0.000227395593543
[1001,1010]	0.000227547967089
[1011,1020]	0.000909454706862
[1021,1030]	0.000909529446713
[1031,1040]	0.001591371128628
[1041,1050]	0.000909360856993
[1051,1060]	0.000227443883756
[1061,1070]	0.000454672695424
[1071,1080]	0.000454703703989
[1081,1090]	0.000227410362378
[1091,1100]	0.000454692026828
[1101,1110]	0.000682138693685
[1111,1120]	0.000682251147561
[1121,1130]	0.000454817015748
[1131,1140]	0.00022734118182
[1141,1150]	0.000454777897091
[1151,1160]	0.000681974766366
[1161,1170]	0.000454800039308
[1171,1180]	0.000682194094141
[1181,1190]	0.000227501787534
[1191,1200]	0.000454796506103
[1201,1210]	0.000454706374855
[1211,1220]	0.000227377019025
[1221,1230]	0.000454651607398
[1231,1240]	0.000227453928297
[1241,1250]	0.000909548082211
[1251,1260]	0.000454768543154
[1261,1270]	0.000454810476697
[1271,1280]	0.000227598438028
[1281,1290]	0.000227577265818
[1291,1300]	0.000909359748067
[1301,1310]	0.000227529142395
[1311,1320]	0.000454755822155
[1321,1330]	0.000454816878331
[1331,1340]	0.000227481734274
[1341,1350]	0.000454773216739
[1351,1360]	0.000227585290515
[1361,1370]	0.000227431534938
[1371,1380]	0.000454778458694
[1381,1390]	0.000227399537647
[1391,1400]	0.00045475424047
[1401,1410]	0.000454721491449
[1411,1420]	0.000454631761477
[1421,1430]	0.000454894121056
[1431,1440]	0.000227406112284
[1441,1450]	0.000227443357962
[1451,1460]	0.000227380307423
[1461,1470]	0.000227535026954
[1471,1480]	0.000227387470225
[1481,1490]	0.000454699439806
[1491,1500]	0.000227349715195
[1501,1510]	0.000227459161163
[1511,1520]	0.000682024875608
[1521,1530]	0.000454782230943
[1531,1540]	0.000454673235064
[1541,1550]	0.00022747912748
[1551,1560]	0.000227715942484
[1561,1570]	0.000227439655689
[1571,1580]	0.00022747377748
[1581,1590]	0.000227351859028
[1591,1600]	0.00022747170807
[1601,1610]	0.000227721122768
[1611,1620]	0.00022781620001
[1621,1630]	0.000227508903068
[1631,1640]	0.000227360048999
[1641,1650]	0.000227500168711
[1651,1660]	0.000454904324216
[1661,1670]	0.0002275867811
[1671,1680]	0.000227498435179
[1681,1690]	0.000227319644581
[1691,1700]	0.000227599111015
[1701,1710]	0.000227430377876
[1711,1720]	0.000227628192161
[1721,1730]	0.000227458513091
[1731,1740]	0.000227663755328
[1741,1750]	0.000227322004683
[1751,1760]	0.000227453387798
[1761,1770]	0.000227467624417
[1771,1780]	0.000227369241186
[1781,1790]	0.000227465451401
[1791,1800]	0.000227511326017
[1801,1810]	0.000227451323838
[1811,1820]	0.000227362804318
[1821,1830]	0.000227403479324
[1831,1840]	0.00022756910957
[1841,1850]	0.000227455236802
[1851,1860]	0.000227339687573
[1861,1870]	0.000227459030159
[1871,1880]	0.000227383120441
[1881,1890]	0.000227749399625
[1891,1900]	0.000227434547138
[1901,1910]	0.000227455394362
[1911,1920]	0.000227432552723
[1921,1930]	0.000227326598065
[1931,1940]	0.000227551058029
[1941,1950]	0.000227372715452
[1951,1960]	0.000227375398848
[1961,1970]	0.000227328569297
[1971,1980]	0.000227350453476
[1981,1990]	0.000227485031297
[1991,2000]	0.000227333263954
[2001,2010]	0.000227442758941
[2011,2020]	0.000227361308174
[2021,2030]	0.000227508687349
[2031,2040]	0.000227488973444
[2041,2050]	0.00022735036558
[2051,2060]	0.000227325668599
[2061,2070]	0.000227651270108
[2071,2080]	0.000227493163984
[2081,2090]	0.000227329492326
[2091,2100]	0.000227570059997
[2101,2110]	0.000227378683653
[2111,2120]	0.000227537897821
[2121,2130]	0.000227365974739
[2131,2140]	0.000227780531959
[2141,2150]	0.000227360943256
[2151,2160]	0.000227408175339
[2161,2170]	0.000227349919677
[2171,2180]	0.000227438921878
[2181,2190]	0.000227325942517
[2191,2200]	0.000227368459605
[2201,2210]	0.000227665642618
[2211,2220]	0.000227443172636
[2221,2230]	0.000227334644726
[2231,2240]	0.000227369823633
[2241,2250]	0.000227704156784
[2251,2260]	0.000227471020035
[2261,2270]	0.000227519153005
[2271,2280]	0.000227321821526
[2281,2290]	0.000227533405339
[2291,2300]	0.00022741113352
[2301,2310]	0.000227328497426
[2311,2320]	0.000227612104455
[2321,2330]	0.00022741907949
[2331,2340]	0.000227423300506
[2341,2350]	0.000227374985897
[2351,2360]	0.000455003783874
[2361,2370]	0.000227513575239
[2371,2380]	0.000227354900462
[2381,2390]	0.000227438146396
[2391,2400]	0.000227603079244
[2401,2410]	0.000227827113826
[2411,2420]	0.000227414694677
[2421,2430]	0.000227603825817
[2431,2440]	0.000227399340285
[2441,2450]	0.000227515615129
[2451,2460]	0.000227430442137
[2461,2470]	0.00022741151645
[2471,2480]	0.000227619295272
[2481,2490]	0.000227502742291
[2491,2500]	0.000227509604266
